# Name=Parent_mRNA.Tenebrio_molitor_scaffold_15.350.1
# pos	aa	SP	CS	OTHER
1	M	X	0.012476	0.000004	0.987520
2	R	X	0.012449	0.000006	0.987545
3	D	X	0.012432	0.000004	0.987564
4	I	X	0.012419	0.000002	0.987579
5	E	X	0.012408	0.000002	0.987590
6	D	X	0.012398	0.000002	0.987600
7	W	X	0.012383	0.000007	0.987610
8	G	X	0.012354	0.000023	0.987623
9	S	X	0.012236	0.000112	0.987652
10	A	X	0.011952	0.000279	0.987769
11	R	X	0.011643	0.000305	0.988053
12	R	X	0.011149	0.000490	0.988361
13	C	X	0.010707	0.000440	0.988853
14	K	X	0.010191	0.000514	0.989295
15	S	X	0.009580	0.000609	0.989811
16	S	X	0.008960	0.000619	0.990421
17	G	X	0.008179	0.000780	0.991041
18	Y	X	0.007681	0.000497	0.991822
19	P	X	0.007047	0.000634	0.992319
20	K	X	0.006500	0.000547	0.992953
21	L	X	0.005983	0.000518	0.993499
22	Q	X	0.005493	0.000491	0.994016
23	I	X	0.005063	0.000431	0.994506
24	A	X	0.004596	0.000469	0.994935
25	I	X	0.004235	0.000363	0.995403
26	I	X	0.003949	0.000288	0.995764
27	H	X	0.003765	0.000185	0.996050
28	H	X	0.003553	0.000215	0.996233
29	F	X	0.003340	0.000216	0.996445
30	G	X	0.003102	0.000240	0.996658
31	K	X	0.002873	0.000232	0.996895
32	V	X	0.002530	0.000346	0.997124
33	L	X	0.002281	0.000253	0.997467
34	R	X	0.001620	0.000665	0.997716
35	G	X	0.001075	0.000549	0.998376
36	I	X	0.000906	0.000172	0.998922
37	C	X	0.000816	0.000095	0.999089
