# Name=Parent_mRNA.Tenebrio_molitor_scaffold_16.154.1
# pos	aa	SP	CS	OTHER
1	M	X	0.094833	0.000005	0.905162
2	R	X	0.094765	0.000010	0.905225
3	V	X	0.094708	0.000009	0.905283
4	C	X	0.094662	0.000003	0.905335
5	F	X	0.094617	0.000004	0.905379
6	G	X	0.094571	0.000006	0.905423
7	T	X	0.094529	0.000005	0.905466
8	L	X	0.094471	0.000022	0.905507
9	C	X	0.094385	0.000049	0.905566
10	F	X	0.094286	0.000063	0.905651
11	S	X	0.093873	0.000379	0.905748
12	S	X	0.093496	0.000350	0.906154
13	R	X	0.092758	0.000716	0.906526
14	L	X	0.092079	0.000661	0.907260
15	N	X	0.090332	0.001728	0.907940
16	A	X	0.014741	0.075577	0.909682
17	N	X	0.012616	0.002115	0.985269
18	D	X	0.010359	0.002250	0.987391
19	E	X	0.009622	0.000732	0.989646
20	E	X	0.008753	0.000866	0.990381
21	A	X	0.007380	0.001371	0.991249
22	A	X	0.006638	0.000740	0.992622
23	P	X	0.005794	0.000843	0.993363
24	G	X	0.005021	0.000773	0.994206
25	L	X	0.004546	0.000475	0.994979
26	G	X	0.004057	0.000489	0.995454
27	G	X	0.003605	0.000453	0.995942
28	V	X	0.003273	0.000333	0.996394
29	A	X	0.002918	0.000357	0.996725
30	T	X	0.002634	0.000286	0.997080
31	V	X	0.002452	0.000184	0.997364
32	T	X	0.002273	0.000181	0.997546
33	T	X	0.002106	0.000170	0.997724
34	T	X	0.001981	0.000129	0.997891
35	T	X	0.001840	0.000144	0.998015
36	A	X	0.001688	0.000157	0.998155
37	L	X	0.001579	0.000113	0.998308
38	N	X	0.001468	0.000115	0.998416
39	G	X	0.001366	0.000107	0.998527
40	H	X	0.001292	0.000079	0.998629
41	H	X	0.001216	0.000082	0.998702
42	R	X	0.001126	0.000096	0.998778
43	Q	X	0.001049	0.000083	0.998868
44	A	X	0.000967	0.000088	0.998945
45	M	X	0.000892	0.000081	0.999027
46	A	X	0.000703	0.000197	0.999101
47	S	X	0.000639	0.000068	0.999293
48	S	X	0.000577	0.000066	0.999356
49	V	X	0.000528	0.000053	0.999419
50	D	X	0.000493	0.000038	0.999469
51	E	X	0.000457	0.000041	0.999503
52	L	X	0.000422	0.000039	0.999539
53	Q	X	0.000390	0.000036	0.999574
54	Q	X	0.000358	0.000036	0.999606
55	L	X	0.000338	0.000024	0.999638
56	L	X	0.000312	0.000030	0.999658
57	C	X	0.000285	0.000032	0.999684
58	E	X	0.000259	0.000030	0.999711
59	K	X	0.000235	0.000029	0.999736
60	E	X	0.000212	0.000027	0.999761
61	T	X	0.000190	0.000026	0.999784
62	K	X	0.000170	0.000025	0.999806
63	I	X	0.000150	0.000024	0.999827
64	T	X	0.000132	0.000022	0.999847
65	E	X	0.000114	0.000021	0.999865
66	L	X	0.000096	0.000022	0.999882
67	T	X	0.000078	0.000021	0.999901
68	K	X	0.000062	0.000019	0.999919
69	L	X	0.000053	0.000012	0.999935
70	V	X	0.000054	0.000002	0.999944
