# Name=Parent_mRNA.Tenebrio_molitor_scaffold_16.139.1
# pos	aa	SP	CS	OTHER
1	M	X	0.013007	0.000004	0.986988
2	K	X	0.012972	0.000009	0.987019
3	A	X	0.012944	0.000012	0.987044
4	V	X	0.012924	0.000007	0.987069
5	H	X	0.012908	0.000004	0.987088
6	D	X	0.012877	0.000022	0.987102
7	C	X	0.012830	0.000038	0.987132
8	K	X	0.012723	0.000100	0.987177
9	T	X	0.012532	0.000185	0.987283
10	I	X	0.012340	0.000186	0.987474
11	S	X	0.011910	0.000426	0.987665
12	F	X	0.011293	0.000613	0.988094
13	V	X	0.010768	0.000522	0.988710
14	Y	X	0.010511	0.000254	0.989235
15	P	X	0.009554	0.000955	0.989491
16	V	X	0.009292	0.000260	0.990448
17	D	X	0.008841	0.000450	0.990708
18	G	X	0.005246	0.003596	0.991158
19	D	X	0.004726	0.000519	0.994754
20	F	X	0.004171	0.000555	0.995273
21	S	X	0.003625	0.000547	0.995827
22	T	X	0.003148	0.000479	0.996373
23	E	X	0.002686	0.000464	0.996850
24	Y	X	0.002281	0.000408	0.997312
25	T	X	0.002094	0.000189	0.997717
26	V	X	0.001902	0.000195	0.997903
27	C	X	0.001587	0.000319	0.998094
28	E	X	0.001363	0.000227	0.998410
29	K	X	0.001089	0.000278	0.998633
30	S	X	0.000875	0.000218	0.998908
31	V	X	0.000720	0.000158	0.999122
32	V	X	0.000610	0.000113	0.999277
33	I	X	0.000593	0.000020	0.999386
