# Name=Parent_mRNA.Tenebrio_molitor_scaffold_14.135.1
# pos	aa	SP	CS	OTHER
1	M	S	0.961409	0.000003	0.038588
2	L	S	0.961422	0.000006	0.038572
3	T	S	0.961439	0.000005	0.038555
4	L	S	0.961456	0.000005	0.038539
5	A	S	0.961470	0.000007	0.038523
6	V	S	0.961489	0.000006	0.038506
7	I	S	0.961510	0.000003	0.038487
8	T	S	0.961527	0.000007	0.038466
9	T	S	0.961542	0.000009	0.038449
10	L	S	0.961553	0.000011	0.038436
11	F	S	0.961554	0.000018	0.038428
12	V	S	0.961488	0.000080	0.038432
13	A	S	0.961352	0.000146	0.038502
14	H	S	0.960920	0.000435	0.038645
15	A	S	0.916492	0.044421	0.039087
16	S	S	0.914377	0.002130	0.083492
17	C	S	0.843088	0.071286	0.085625
18	L	S	0.829237	0.013866	0.156897
19	A	S	0.480127	0.349120	0.170753
20	Q	S	0.465137	0.015031	0.519832
21	A	C	0.020723	0.444471	0.534807
22	K	X	0.015780	0.004944	0.979276
23	K	X	0.010111	0.005668	0.984221
24	L	X	0.008239	0.001871	0.989890
25	P	X	0.006560	0.001679	0.991761
26	L	X	0.005178	0.001382	0.993439
27	F	X	0.004301	0.000878	0.994821
28	M	X	0.003584	0.000718	0.995697
29	P	X	0.002969	0.000618	0.996413
30	N	X	0.002459	0.000513	0.997028
31	V	X	0.002205	0.000257	0.997538
32	H	X	0.001899	0.000310	0.997791
33	L	X	0.001364	0.000540	0.998097
34	D	X	0.001157	0.000210	0.998633
35	D	X	0.000987	0.000174	0.998839
36	Q	X	0.000792	0.000199	0.999009
37	N	X	0.000648	0.000148	0.999205
38	S	X	0.000537	0.000114	0.999349
39	Y	X	0.000489	0.000052	0.999459
40	L	X	0.000425	0.000068	0.999507
41	C	X	0.000377	0.000053	0.999570
42	K	X	0.000341	0.000042	0.999618
43	T	X	0.000303	0.000044	0.999653
44	L	X	0.000275	0.000034	0.999691
45	K	X	0.000243	0.000038	0.999719
46	L	X	0.000218	0.000030	0.999751
47	T	X	0.000207	0.000017	0.999776
48	P	X	0.000191	0.000022	0.999787
49	H	X	0.000174	0.000024	0.999802
50	K	X	0.000158	0.000022	0.999820
51	T	X	0.000147	0.000016	0.999836
52	L	X	0.000143	0.000011	0.999846
53	Y	X	0.000135	0.000014	0.999850
54	V	X	0.000132	0.000011	0.999857
55	T	X	0.000130	0.000011	0.999859
56	G	X	0.000120	0.000019	0.999860
57	F	X	0.000118	0.000013	0.999870
58	E	X	0.000115	0.000012	0.999873
59	P	X	0.000113	0.000013	0.999874
60	D	X	0.000107	0.000017	0.999876
61	A	X	0.000104	0.000014	0.999882
62	T	X	0.000098	0.000016	0.999886
63	A	X	0.000087	0.000022	0.999891
64	N	X	0.000081	0.000015	0.999904
65	L	X	0.000075	0.000014	0.999910
66	H	X	0.000069	0.000014	0.999917
67	H	X	0.000062	0.000015	0.999923
68	M	X	0.000054	0.000015	0.999931
69	L	X	0.000048	0.000013	0.999939
70	V	X	0.000052	0.000007	0.999941
