# Name=Parent_mRNA.Tenebrio_molitor_scaffold_15.125.1
# pos	aa	SP	CS	OTHER
1	M	S	0.804865	0.000006	0.195129
2	L	S	0.804853	0.000011	0.195136
3	K	S	0.804851	0.000006	0.195143
4	V	S	0.804850	0.000005	0.195145
5	T	S	0.804849	0.000005	0.195146
6	C	S	0.804845	0.000008	0.195147
7	A	S	0.804806	0.000040	0.195154
8	C	S	0.804792	0.000031	0.195177
9	L	S	0.804794	0.000017	0.195189
10	F	S	0.804800	0.000009	0.195191
11	V	S	0.804809	0.000006	0.195185
12	I	S	0.804810	0.000012	0.195178
13	S	S	0.804764	0.000056	0.195180
14	L	S	0.804714	0.000062	0.195224
15	V	S	0.804616	0.000110	0.195274
16	F	S	0.804511	0.000116	0.195373
17	V	S	0.804031	0.000490	0.195480
18	V	S	0.803694	0.000343	0.195963
19	T	S	0.797465	0.006222	0.196313
20	A	S	0.530619	0.266831	0.202550
21	S	S	0.479968	0.050676	0.469356
22	S	C	0.109703	0.370290	0.520007
23	F	X	0.103752	0.005963	0.890284
24	C	X	0.010431	0.093338	0.896231
25	V	X	0.007104	0.003324	0.989572
26	Q	X	0.005541	0.001561	0.992897
27	W	X	0.003995	0.001547	0.994458
28	T	X	0.002990	0.001007	0.996003
29	H	X	0.002640	0.000353	0.997007
30	D	X	0.002128	0.000516	0.997356
31	Y	X	0.001868	0.000264	0.997867
32	T	X	0.001674	0.000200	0.998126
33	I	X	0.001586	0.000095	0.998319
34	Y	X	0.001531	0.000065	0.998404
35	P	X	0.001396	0.000148	0.998455
36	F	X	0.001287	0.000125	0.998589
37	S	X	0.001202	0.000101	0.998697
38	R	X	0.001096	0.000125	0.998779
39	H	X	0.000989	0.000127	0.998884
40	T	X	0.000903	0.000106	0.998992
41	R	X	0.000795	0.000128	0.999077
42	S	X	0.000692	0.000122	0.999186
43	E	X	0.000637	0.000071	0.999292
44	E	X	0.000582	0.000072	0.999347
45	I	X	0.000552	0.000045	0.999403
46	R	X	0.000509	0.000060	0.999432
47	P	X	0.000464	0.000062	0.999474
48	K	X	0.000422	0.000059	0.999519
49	T	X	0.000403	0.000034	0.999563
50	N	X	0.000381	0.000038	0.999581
51	S	X	0.000362	0.000037	0.999601
52	L	X	0.000346	0.000034	0.999620
53	F	X	0.000327	0.000038	0.999634
54	K	X	0.000309	0.000039	0.999652
55	E	X	0.000293	0.000037	0.999670
56	R	X	0.000272	0.000043	0.999685
57	N	X	0.000254	0.000039	0.999708
58	E	X	0.000234	0.000038	0.999728
59	R	X	0.000209	0.000044	0.999747
60	S	X	0.000187	0.000038	0.999775
61	L	X	0.000169	0.000031	0.999800
62	D	X	0.000160	0.000021	0.999819
63	P	X	0.000145	0.000028	0.999827
64	F	X	0.000127	0.000031	0.999842
65	A	X	0.000114	0.000024	0.999862
66	S	X	0.000098	0.000027	0.999875
67	G	X	0.000078	0.000030	0.999892
68	K	X	0.000060	0.000026	0.999914
69	S	X	0.000049	0.000018	0.999933
70	Q	X	0.000049	0.000007	0.999944
