# Name=Parent_mRNA.Tenebrio_molitor_scaffold_7.1533.1
# pos	aa	SP	CS	OTHER
1	Y	X	0.083581	0.000004	0.916415
2	R	X	0.083538	0.000006	0.916455
3	N	X	0.083510	0.000002	0.916488
4	N	X	0.083486	0.000001	0.916513
5	S	X	0.083462	0.000002	0.916536
6	V	X	0.083440	0.000003	0.916557
7	A	X	0.083418	0.000004	0.916577
8	P	X	0.083392	0.000010	0.916598
9	I	X	0.083372	0.000006	0.916622
10	N	X	0.083352	0.000008	0.916640
11	Q	X	0.083312	0.000030	0.916659
12	L	X	0.083269	0.000034	0.916698
13	L	X	0.083195	0.000065	0.916740
14	A	X	0.082913	0.000274	0.916813
15	C	X	0.082691	0.000215	0.917094
16	L	X	0.082454	0.000230	0.917316
17	R	X	0.082182	0.000265	0.917552
18	L	X	0.081889	0.000286	0.917825
19	Y	X	0.081489	0.000392	0.918120
20	A	X	0.068213	0.013264	0.918524
21	T	X	0.067280	0.000923	0.931797
22	G	X	0.024532	0.042740	0.932728
23	G	X	0.009015	0.015511	0.975474
24	H	X	0.008225	0.000785	0.990991
25	L	X	0.003854	0.004367	0.991779
26	D	X	0.003588	0.000263	0.996148
27	Q	X	0.003228	0.000359	0.996413
28	I	X	0.002895	0.000332	0.996772
29	A	X	0.002488	0.000408	0.997105
30	D	X	0.002306	0.000182	0.997512
31	Y	X	0.002103	0.000204	0.997693
32	M	X	0.001951	0.000153	0.997895
33	G	X	0.001824	0.000129	0.998047
34	M	X	0.001708	0.000118	0.998174
35	H	X	0.001587	0.000124	0.998289
36	L	X	0.001456	0.000134	0.998410
37	A	X	0.001355	0.000104	0.998541
38	T	X	0.001272	0.000086	0.998642
39	V	X	0.001195	0.000081	0.998724
40	S	X	0.001113	0.000086	0.998801
41	R	X	0.001029	0.000089	0.998882
42	I	X	0.000972	0.000060	0.998967
43	V	X	0.000921	0.000056	0.999023
44	V	X	0.000882	0.000044	0.999074
45	R	X	0.000828	0.000060	0.999112
46	V	X	0.000780	0.000054	0.999166
47	S	X	0.000735	0.000051	0.999213
48	K	X	0.000678	0.000064	0.999257
49	A	X	0.000598	0.000087	0.999314
50	I	X	0.000557	0.000047	0.999395
51	A	X	0.000384	0.000182	0.999434
52	Q	X	0.000350	0.000039	0.999611
53	L	X	0.000315	0.000039	0.999646
54	Y	X	0.000292	0.000027	0.999681
55	N	X	0.000269	0.000027	0.999704
56	V	X	0.000254	0.000019	0.999727
57	Y	X	0.000235	0.000023	0.999742
58	V	X	0.000215	0.000025	0.999760
59	G	X	0.000195	0.000024	0.999781
60	F	X	0.000177	0.000022	0.999800
61	P	X	0.000159	0.000023	0.999818
62	N	X	0.000143	0.000020	0.999837
63	T	X	0.000126	0.000021	0.999853
64	E	X	0.000110	0.000021	0.999869
65	N	X	0.000092	0.000022	0.999886
66	D	X	0.000076	0.000020	0.999904
67	I	X	0.000061	0.000019	0.999920
68	R	X	0.000044	0.000021	0.999936
69	T	X	0.000035	0.000012	0.999953
70	I	X	0.000036	0.000002	0.999962
