# Name=Parent_mRNA.Tenebrio_molitor_scaffold_15.77.1
# pos	aa	SP	CS	OTHER
1	M	S	0.970826	0.000004	0.029170
2	V	S	0.970868	0.000005	0.029127
3	K	S	0.970911	0.000003	0.029087
4	E	S	0.970954	0.000002	0.029045
5	T	S	0.970996	0.000001	0.029002
6	Y	S	0.971039	0.000001	0.028959
7	L	S	0.971082	0.000002	0.028916
8	I	S	0.971128	0.000002	0.028870
9	S	S	0.971173	0.000003	0.028824
10	I	S	0.971220	0.000002	0.028778
11	F	S	0.971260	0.000004	0.028736
12	I	S	0.971294	0.000006	0.028700
13	L	S	0.971309	0.000018	0.028673
14	A	S	0.971101	0.000232	0.028668
15	A	S	0.970782	0.000340	0.028878
16	F	S	0.970263	0.000533	0.029204
17	G	S	0.964384	0.005885	0.029731
18	L	S	0.962033	0.002358	0.035610
19	S	S	0.908890	0.053139	0.037972
20	E	S	0.905133	0.003760	0.091107
21	S	C	0.104209	0.800920	0.094870
22	S	X	0.098973	0.005246	0.895780
23	K	X	0.080679	0.018295	0.901026
24	C	X	0.013136	0.067552	0.919312
25	K	X	0.010216	0.002920	0.986864
26	V	X	0.007430	0.002788	0.989782
27	D	X	0.006258	0.001174	0.992568
28	R	X	0.003772	0.002489	0.993739
29	Q	X	0.002631	0.001143	0.996226
30	N	X	0.002062	0.000571	0.997367
31	L	X	0.001679	0.000385	0.997936
32	W	X	0.001315	0.000366	0.998319
33	D	X	0.001078	0.000240	0.998682
34	D	X	0.000961	0.000120	0.998919
35	Y	X	0.000859	0.000107	0.999035
36	T	X	0.000755	0.000109	0.999136
37	V	X	0.000691	0.000070	0.999239
38	R	X	0.000577	0.000121	0.999302
39	N	X	0.000470	0.000115	0.999416
40	S	X	0.000388	0.000088	0.999524
41	Y	X	0.000337	0.000056	0.999607
42	D	X	0.000286	0.000056	0.999658
43	R	X	0.000230	0.000062	0.999708
44	V	X	0.000213	0.000021	0.999766
45	V	X	0.000197	0.000021	0.999783
46	C	X	0.000171	0.000032	0.999798
47	T	X	0.000157	0.000020	0.999824
48	N	X	0.000145	0.000017	0.999838
49	V	X	0.000142	0.000009	0.999849
50	N	X	0.000136	0.000013	0.999851
51	F	X	0.000129	0.000014	0.999857
52	R	X	0.000123	0.000015	0.999862
53	F	X	0.000118	0.000013	0.999869
54	L	X	0.000112	0.000015	0.999873
55	S	X	0.000106	0.000014	0.999879
56	T	X	0.000101	0.000013	0.999885
57	Y	X	0.000099	0.000011	0.999890
58	Q	X	0.000096	0.000012	0.999893
59	P	X	0.000093	0.000011	0.999895
60	E	X	0.000090	0.000013	0.999897
61	L	X	0.000087	0.000012	0.999901
62	Q	X	0.000083	0.000014	0.999903
63	T	X	0.000079	0.000014	0.999907
64	Y	X	0.000075	0.000013	0.999912
65	Q	X	0.000069	0.000015	0.999917
66	I	X	0.000065	0.000012	0.999923
67	L	X	0.000059	0.000013	0.999927
68	T	X	0.000053	0.000014	0.999933
69	I	X	0.000047	0.000014	0.999939
70	A	X	0.000051	0.000008	0.999941
