# Name=Parent_mRNA.Tenebrio_molitor_scaffold_18.116.1
# pos	aa	SP	CS	OTHER
1	S	X	0.015364	0.000005	0.984631
2	R	X	0.015309	0.000009	0.984682
3	S	X	0.015267	0.000006	0.984726
4	R	X	0.015233	0.000004	0.984763
5	L	X	0.015200	0.000005	0.984795
6	G	X	0.015169	0.000005	0.984826
7	N	X	0.015137	0.000008	0.984856
8	L	X	0.015099	0.000014	0.984886
9	C	X	0.015054	0.000024	0.984922
10	S	X	0.014977	0.000057	0.984966
11	L	X	0.014913	0.000045	0.985042
12	H	X	0.014817	0.000078	0.985105
13	C	X	0.014578	0.000221	0.985201
14	S	X	0.014330	0.000232	0.985439
15	I	X	0.013711	0.000602	0.985687
16	S	X	0.012720	0.000976	0.986304
17	M	X	0.012240	0.000465	0.987294
18	P	X	0.011291	0.000938	0.987771
19	R	X	0.010890	0.000391	0.988719
20	P	X	0.010102	0.000779	0.989119
21	N	X	0.009635	0.000459	0.989906
22	G	X	0.004771	0.004857	0.990372
23	L	X	0.003586	0.001180	0.995235
24	I	X	0.002919	0.000663	0.996418
25	W	X	0.002581	0.000337	0.997083
26	K	X	0.002376	0.000204	0.997421
27	Y	X	0.002236	0.000138	0.997626
28	F	X	0.002127	0.000109	0.997764
29	T	X	0.002035	0.000092	0.997873
30	P	X	0.001902	0.000133	0.997964
31	H	X	0.001742	0.000160	0.998097
32	R	X	0.001569	0.000174	0.998257
33	K	X	0.001415	0.000156	0.998429
34	G	X	0.001277	0.000139	0.998585
35	K	X	0.001176	0.000101	0.998723
36	Y	X	0.001065	0.000112	0.998822
37	K	X	0.000952	0.000115	0.998934
38	S	X	0.000854	0.000098	0.999047
39	G	X	0.000819	0.000037	0.999145
40	V	X	0.000762	0.000058	0.999180
41	C	X	0.000699	0.000065	0.999236
42	K	X	0.000642	0.000058	0.999300
43	F	X	0.000588	0.000056	0.999356
44	C	X	0.000510	0.000080	0.999410
45	G	X	0.000453	0.000059	0.999487
46	D	X	0.000406	0.000051	0.999543
47	A	X	0.000339	0.000070	0.999591
48	Y	X	0.000310	0.000032	0.999657
49	I	X	0.000286	0.000028	0.999687
50	T	X	0.000259	0.000030	0.999711
51	N	X	0.000231	0.000032	0.999737
52	A	X	0.000202	0.000034	0.999764
53	T	X	0.000177	0.000029	0.999794
54	R	X	0.000150	0.000030	0.999819
55	M	X	0.000125	0.000029	0.999846
56	R	X	0.000101	0.000028	0.999872
57	N	X	0.000081	0.000022	0.999897
58	H	X	0.000065	0.000019	0.999916
59	I	X	0.000050	0.000018	0.999933
60	T	X	0.000043	0.000009	0.999948
61	N	X	0.000045	0.000002	0.999954
