# Name=Parent_mRNA.Tenebrio_molitor_scaffold_7.29.1
# pos	aa	SP	CS	OTHER
1	M	S	0.615953	0.000007	0.384040
2	I	S	0.615932	0.000011	0.384056
3	N	S	0.615917	0.000010	0.384072
4	R	S	0.615896	0.000018	0.384087
5	F	S	0.615860	0.000033	0.384107
6	I	S	0.615829	0.000031	0.384141
7	F	S	0.615780	0.000049	0.384171
8	A	S	0.615641	0.000138	0.384220
9	I	S	0.615553	0.000089	0.384358
10	S	S	0.615234	0.000314	0.384451
11	V	S	0.614889	0.000335	0.384777
12	I	S	0.613506	0.001361	0.385134
13	S	S	0.603931	0.009537	0.386533
14	L	S	0.582452	0.021427	0.396121
15	S	S	0.433037	0.149350	0.417614
16	R	S	0.415061	0.017914	0.567025
17	P	C	0.107629	0.307374	0.584997
18	D	X	0.099368	0.008221	0.892411
19	L	X	0.082135	0.017194	0.900671
20	N	X	0.077476	0.004633	0.917891
21	P	X	0.038358	0.039099	0.922542
22	T	X	0.030486	0.007859	0.961655
23	G	X	0.028586	0.001893	0.969522
24	P	X	0.022390	0.006194	0.971416
25	V	X	0.020059	0.002332	0.977609
26	H	X	0.018262	0.001802	0.979936
27	E	X	0.014361	0.003911	0.981727
28	S	X	0.012220	0.002150	0.985629
29	Y	X	0.010414	0.001816	0.987770
30	A	X	0.003311	0.007118	0.989571
31	V	X	0.003045	0.000269	0.996686
32	N	X	0.002700	0.000349	0.996950
33	C	X	0.002180	0.000527	0.997293
34	L	X	0.001948	0.000239	0.997813
35	Q	X	0.001770	0.000186	0.998044
36	E	X	0.001621	0.000156	0.998222
37	L	X	0.001451	0.000179	0.998370
38	A	X	0.001274	0.000187	0.998540
39	T	X	0.001143	0.000140	0.998718
40	K	X	0.001029	0.000122	0.998849
41	Q	X	0.000930	0.000108	0.998962
42	F	X	0.000861	0.000078	0.999061
43	K	X	0.000795	0.000075	0.999130
44	Y	X	0.000739	0.000067	0.999195
45	I	X	0.000689	0.000060	0.999251
46	D	X	0.000652	0.000049	0.999299
47	V	X	0.000621	0.000044	0.999335
48	Q	X	0.000581	0.000055	0.999364
49	G	X	0.000532	0.000066	0.999402
50	L	X	0.000498	0.000049	0.999454
51	Q	X	0.000463	0.000049	0.999488
52	S	X	0.000428	0.000049	0.999523
53	T	X	0.000399	0.000041	0.999559
54	I	X	0.000376	0.000036	0.999588
55	D	X	0.000353	0.000036	0.999611
56	V	X	0.000332	0.000035	0.999633
57	D	X	0.000310	0.000037	0.999654
58	V	X	0.000289	0.000036	0.999675
59	Q	X	0.000266	0.000037	0.999696
60	L	X	0.000244	0.000037	0.999719
61	L	X	0.000223	0.000034	0.999743
62	T	X	0.000204	0.000033	0.999764
63	I	X	0.000186	0.000030	0.999784
64	M	X	0.000166	0.000031	0.999802
65	T	X	0.000147	0.000032	0.999822
66	T	X	0.000125	0.000033	0.999842
67	A	X	0.000100	0.000036	0.999864
68	N	X	0.000078	0.000030	0.999891
69	M	X	0.000062	0.000023	0.999914
70	T	X	0.000063	0.000006	0.999930
