# Name=Parent_mRNA.Tenebrio_molitor_scaffold_7.327.1
# pos	aa	SP	CS	OTHER
1	M	X	0.056917	0.000006	0.943077
2	N	X	0.056882	0.000007	0.943111
3	Q	X	0.056854	0.000004	0.943141
4	S	X	0.056830	0.000003	0.943166
5	K	X	0.056808	0.000004	0.943188
6	G	X	0.056783	0.000009	0.943208
7	D	X	0.056752	0.000019	0.943229
8	F	X	0.056728	0.000015	0.943257
9	D	X	0.056689	0.000033	0.943278
10	A	X	0.056630	0.000054	0.943316
11	I	X	0.056478	0.000148	0.943374
12	F	X	0.056285	0.000191	0.943524
13	F	X	0.056125	0.000159	0.943715
14	L	X	0.056001	0.000125	0.943873
15	F	X	0.055900	0.000104	0.943996
16	T	X	0.055746	0.000156	0.944097
17	L	X	0.055626	0.000125	0.944250
18	Y	X	0.055515	0.000114	0.944370
19	T	X	0.055230	0.000291	0.944480
20	F	X	0.055104	0.000132	0.944764
21	T	X	0.054412	0.000698	0.944890
22	F	X	0.054104	0.000316	0.945580
23	F	X	0.053391	0.000718	0.945891
24	S	X	0.051431	0.001964	0.946605
25	L	X	0.050385	0.001049	0.948566
26	Q	X	0.045908	0.004478	0.949615
27	S	X	0.028088	0.017827	0.954085
28	F	X	0.026393	0.001697	0.971910
29	V	X	0.013432	0.012968	0.973601
30	K	X	0.011893	0.001543	0.986564
31	R	X	0.007290	0.004612	0.988099
32	V	X	0.006605	0.000691	0.992705
33	G	X	0.005509	0.001104	0.993387
34	T	X	0.002313	0.003207	0.994480
35	T	X	0.001784	0.000534	0.997682
36	D	X	0.001626	0.000163	0.998211
37	V	X	0.001476	0.000156	0.998368
38	G	X	0.001252	0.000232	0.998516
39	K	X	0.001087	0.000173	0.998740
40	E	X	0.000969	0.000126	0.998905
41	Y	X	0.000851	0.000126	0.999023
42	E	X	0.000769	0.000090	0.999141
43	D	X	0.000709	0.000069	0.999222
44	L	X	0.000652	0.000067	0.999281
45	N	X	0.000595	0.000068	0.999337
46	V	X	0.000538	0.000069	0.999394
47	A	X	0.000471	0.000079	0.999450
48	N	X	0.000425	0.000059	0.999516
49	V	X	0.000401	0.000036	0.999564
50	V	X	0.000385	0.000028	0.999587
51	L	X	0.000364	0.000035	0.999601
52	T	X	0.000338	0.000041	0.999621
53	Y	X	0.000308	0.000046	0.999646
54	A	X	0.000259	0.000068	0.999673
55	T	X	0.000242	0.000029	0.999729
56	D	X	0.000230	0.000024	0.999746
57	P	X	0.000214	0.000029	0.999757
58	E	X	0.000193	0.000034	0.999773
59	V	X	0.000186	0.000019	0.999795
60	K	X	0.000171	0.000028	0.999801
61	F	X	0.000159	0.000025	0.999816
62	S	X	0.000144	0.000027	0.999829
63	V	X	0.000135	0.000021	0.999844
64	S	X	0.000119	0.000028	0.999853
65	S	X	0.000101	0.000031	0.999868
66	N	X	0.000085	0.000025	0.999889
67	D	X	0.000068	0.000025	0.999906
68	K	X	0.000051	0.000025	0.999924
69	D	X	0.000040	0.000016	0.999944
70	F	X	0.000041	0.000005	0.999954
