# Name=Parent_mRNA.Tenebrio_molitor_scaffold_7.109.1
# pos	aa	SP	CS	OTHER
1	M	X	0.007292	0.000004	0.992704
2	T	X	0.007261	0.000012	0.992727
3	T	X	0.007238	0.000013	0.992750
4	W	X	0.007201	0.000027	0.992772
5	N	X	0.007145	0.000049	0.992806
6	F	X	0.007103	0.000035	0.992862
7	Q	X	0.006967	0.000130	0.992903
8	C	X	0.006798	0.000164	0.993037
9	N	X	0.006657	0.000138	0.993205
10	N	X	0.006503	0.000150	0.993346
11	F	X	0.006299	0.000203	0.993499
12	F	X	0.005945	0.000352	0.993703
13	E	X	0.005626	0.000318	0.994056
14	F	X	0.005396	0.000229	0.994375
15	P	X	0.005112	0.000284	0.994604
16	I	X	0.004932	0.000180	0.994887
17	N	X	0.004800	0.000134	0.995066
18	N	X	0.004582	0.000220	0.995198
19	S	X	0.004165	0.000419	0.995415
20	V	X	0.003959	0.000209	0.995832
21	P	X	0.003681	0.000282	0.996038
22	V	X	0.003435	0.000250	0.996316
23	A	X	0.003182	0.000257	0.996561
24	L	X	0.002928	0.000258	0.996814
25	L	X	0.002642	0.000290	0.997068
26	Q	X	0.002487	0.000160	0.997354
27	Q	X	0.002319	0.000172	0.997509
28	C	X	0.002118	0.000206	0.997676
29	T	X	0.001916	0.000207	0.997877
30	S	X	0.000975	0.000947	0.998077
31	E	X	0.000754	0.000224	0.999021
32	I	X	0.000624	0.000133	0.999243
33	L	X	0.000501	0.000126	0.999372
34	L	X	0.000395	0.000110	0.999495
35	P	X	0.000374	0.000026	0.999600
