# Name=Parent_mRNA.Tenebrio_molitor_scaffold_15.416.1
# pos	aa	SP	CS	OTHER
1	M	X	0.065482	0.000004	0.934515
2	T	X	0.065439	0.000008	0.934553
3	Q	X	0.065407	0.000006	0.934587
4	L	X	0.065377	0.000006	0.934617
5	L	X	0.065349	0.000006	0.934645
6	L	X	0.065317	0.000012	0.934671
7	T	X	0.065280	0.000019	0.934702
8	L	X	0.065250	0.000013	0.934738
9	R	X	0.065219	0.000015	0.934765
10	F	X	0.065192	0.000014	0.934794
11	Y	X	0.065151	0.000029	0.934820
12	A	X	0.065013	0.000126	0.934860
13	T	X	0.064932	0.000071	0.934997
14	G	X	0.064053	0.000869	0.935078
15	S	X	0.063412	0.000633	0.935955
16	M	X	0.063003	0.000403	0.936594
17	L	X	0.062487	0.000511	0.937002
18	I	X	0.061960	0.000522	0.937518
19	S	X	0.060087	0.001866	0.938047
20	A	X	0.028896	0.031183	0.939921
21	G	X	0.013567	0.015325	0.971108
22	D	X	0.012424	0.001137	0.986438
23	F	X	0.011760	0.000661	0.987579
24	V	X	0.011412	0.000346	0.988241
25	G	X	0.010764	0.000648	0.988588
26	V	X	0.009906	0.000859	0.989235
27	S	X	0.008760	0.001148	0.990092
28	K	X	0.008024	0.000739	0.991238
29	T	X	0.007469	0.000557	0.991973
30	S	X	0.006973	0.000500	0.992527
31	A	X	0.004583	0.002397	0.993020
32	S	X	0.004190	0.000397	0.995414
33	R	X	0.003845	0.000350	0.995806
34	I	X	0.003600	0.000249	0.996151
35	V	X	0.003355	0.000250	0.996395
36	K	X	0.003119	0.000242	0.996639
37	R	X	0.002847	0.000278	0.996875
38	V	X	0.002676	0.000177	0.997147
39	S	X	0.002487	0.000196	0.997317
40	S	X	0.002260	0.000234	0.997506
41	A	X	0.002056	0.000211	0.997734
42	I	X	0.001896	0.000165	0.997939
43	A	X	0.001709	0.000193	0.998098
44	S	X	0.001549	0.000165	0.998286
45	L	X	0.001438	0.000116	0.998446
46	R	X	0.001313	0.000130	0.998558
47	P	X	0.001184	0.000133	0.998683
48	Q	X	0.001076	0.000112	0.998812
49	F	X	0.001005	0.000074	0.998921
50	I	X	0.000953	0.000056	0.998991
51	Y	X	0.000889	0.000069	0.999042
52	M	X	0.000825	0.000069	0.999106
53	Y	X	0.000768	0.000063	0.999169
54	N	X	0.000712	0.000062	0.999226
55	N	X	0.000659	0.000059	0.999282
56	H	X	0.000606	0.000059	0.999335
57	N	X	0.000557	0.000056	0.999387
58	E	X	0.000509	0.000054	0.999437
59	M	X	0.000462	0.000054	0.999484
60	Q	X	0.000417	0.000051	0.999531
61	R	X	0.000372	0.000052	0.999576
62	L	X	0.000331	0.000047	0.999622
63	P	X	0.000291	0.000046	0.999663
64	K	X	0.000251	0.000046	0.999703
65	S	X	0.000213	0.000043	0.999743
66	F	X	0.000177	0.000041	0.999782
67	I	X	0.000143	0.000040	0.999818
68	T	X	0.000107	0.000040	0.999852
69	L	X	0.000092	0.000019	0.999889
70	R	X	0.000092	0.000004	0.999903
