# Name=Parent_mRNA.Tenebrio_molitor_scaffold_7.325.1
# pos	aa	SP	CS	OTHER
1	M	S	0.774799	0.000003	0.225199
2	S	S	0.774827	0.000004	0.225169
3	N	S	0.774864	0.000003	0.225133
4	L	S	0.774907	0.000002	0.225091
5	Y	S	0.774951	0.000002	0.225047
6	K	S	0.774999	0.000002	0.224999
7	I	S	0.775048	0.000003	0.224949
8	S	S	0.775099	0.000003	0.224897
9	I	S	0.775153	0.000004	0.224843
10	I	S	0.775208	0.000005	0.224788
11	V	S	0.775263	0.000006	0.224732
12	L	S	0.775313	0.000010	0.224677
13	L	S	0.775348	0.000022	0.224629
14	Y	S	0.775359	0.000043	0.224598
15	I	S	0.775296	0.000111	0.224593
16	I	S	0.775245	0.000091	0.224665
17	V	S	0.774945	0.000330	0.224725
18	K	S	0.774351	0.000621	0.225028
19	K	S	0.773130	0.001247	0.225624
20	Q	S	0.772576	0.000581	0.226843
21	C	S	0.767975	0.004620	0.227405
22	F	S	0.765708	0.002285	0.232006
23	A	C	0.015539	0.750201	0.234260
24	C	X	0.007612	0.007943	0.984445
25	E	X	0.006620	0.000991	0.992389
26	M	X	0.004538	0.002084	0.993378
27	K	X	0.003953	0.000587	0.995460
28	E	X	0.003553	0.000403	0.996044
29	F	X	0.003237	0.000320	0.996443
30	Q	X	0.002923	0.000320	0.996757
31	Y	X	0.002665	0.000265	0.997070
32	A	X	0.002375	0.000298	0.997327
33	I	X	0.002271	0.000112	0.997617
34	T	X	0.002124	0.000158	0.997719
35	I	X	0.002020	0.000115	0.997865
36	R	X	0.001815	0.000219	0.997966
37	S	X	0.001595	0.000235	0.998170
38	M	X	0.001421	0.000188	0.998391
39	R	X	0.001245	0.000189	0.998567
40	S	X	0.001101	0.000157	0.998743
41	I	X	0.001024	0.000087	0.998889
42	P	X	0.000907	0.000127	0.998965
43	S	X	0.000800	0.000118	0.999082
44	Q	X	0.000703	0.000107	0.999189
45	S	X	0.000602	0.000111	0.999286
46	L	X	0.000552	0.000059	0.999389
47	T	X	0.000495	0.000066	0.999439
48	C	X	0.000444	0.000060	0.999496
49	G	X	0.000409	0.000044	0.999547
50	G	X	0.000383	0.000036	0.999581
51	V	X	0.000368	0.000025	0.999607
52	L	X	0.000350	0.000029	0.999621
53	L	X	0.000333	0.000030	0.999637
54	H	X	0.000312	0.000034	0.999654
55	G	X	0.000283	0.000043	0.999675
56	Q	X	0.000265	0.000030	0.999704
57	W	X	0.000254	0.000024	0.999722
58	V	X	0.000251	0.000016	0.999733
59	L	X	0.000248	0.000017	0.999735
60	T	X	0.000228	0.000034	0.999738
61	A	X	0.000201	0.000042	0.999758
62	A	X	0.000172	0.000041	0.999787
63	H	X	0.000156	0.000027	0.999817
64	C	X	0.000114	0.000054	0.999832
65	V	X	0.000096	0.000024	0.999879
66	N	X	0.000085	0.000018	0.999897
67	D	X	0.000069	0.000022	0.999909
68	I	X	0.000052	0.000022	0.999926
69	R	X	0.000040	0.000017	0.999943
70	E	X	0.000039	0.000006	0.999955
