# Name=Parent_mRNA.Tenebrio_molitor_scaffold_7.1675.1
# pos	aa	SP	CS	OTHER
1	M	X	0.008502	0.000004	0.991494
2	K	X	0.008469	0.000005	0.991526
3	K	X	0.008448	0.000003	0.991550
4	I	X	0.008431	0.000001	0.991568
5	E	X	0.008416	0.000001	0.991584
6	F	X	0.008402	0.000001	0.991597
7	L	X	0.008389	0.000001	0.991610
8	F	X	0.008377	0.000001	0.991622
9	K	X	0.008368	0.000001	0.991632
10	K	X	0.008359	0.000001	0.991639
11	I	X	0.008352	0.000001	0.991647
12	I	X	0.008343	0.000003	0.991654
13	L	X	0.008332	0.000006	0.991662
14	F	X	0.008320	0.000008	0.991673
15	I	X	0.008309	0.000007	0.991684
16	N	X	0.008302	0.000006	0.991693
17	K	X	0.008295	0.000006	0.991700
18	N	X	0.008292	0.000003	0.991706
19	F	X	0.008289	0.000003	0.991708
20	C	X	0.008079	0.000209	0.991712
21	S	X	0.007811	0.000268	0.991921
22	T	X	0.002537	0.005274	0.992188
23	L	X	0.002031	0.000507	0.997462
24	S	X	0.000356	0.001677	0.997967
25	E	X	0.000291	0.000065	0.999644
26	F	X	0.000194	0.000097	0.999708
27	E	X	0.000180	0.000015	0.999805
28	N	X	0.000162	0.000018	0.999820
29	F	X	0.000153	0.000010	0.999837
30	L	X	0.000146	0.000008	0.999846
31	L	X	0.000135	0.000012	0.999853
32	C	X	0.000121	0.000015	0.999864
33	E	X	0.000113	0.000009	0.999878
34	R	X	0.000103	0.000012	0.999885
35	I	X	0.000097	0.000007	0.999896
36	L	X	0.000092	0.000008	0.999901
37	I	X	0.000088	0.000006	0.999906
38	N	X	0.000084	0.000006	0.999910
39	V	X	0.000080	0.000006	0.999914
40	K	X	0.000077	0.000006	0.999917
41	T	X	0.000070	0.000009	0.999921
42	K	X	0.000066	0.000007	0.999927
43	R	X	0.000060	0.000009	0.999931
44	Q	X	0.000055	0.000008	0.999936
45	A	X	0.000049	0.000009	0.999942
46	N	X	0.000046	0.000005	0.999949
47	F	X	0.000042	0.000006	0.999952
48	K	X	0.000040	0.000005	0.999956
49	D	X	0.000038	0.000003	0.999958
50	F	X	0.000037	0.000003	0.999960
51	K	X	0.000036	0.000003	0.999961
52	P	X	0.000035	0.000003	0.999961
53	F	X	0.000035	0.000003	0.999962
54	G	X	0.000034	0.000004	0.999962
55	A	X	0.000033	0.000004	0.999963
56	F	X	0.000033	0.000003	0.999964
57	K	X	0.000032	0.000004	0.999965
58	G	X	0.000031	0.000004	0.999966
59	L	X	0.000030	0.000004	0.999966
60	V	X	0.000030	0.000003	0.999967
61	E	X	0.000029	0.000004	0.999968
62	Q	X	0.000026	0.000006	0.999968
63	N	X	0.000025	0.000004	0.999971
64	N	X	0.000023	0.000004	0.999973
65	V	X	0.000022	0.000003	0.999975
66	V	X	0.000021	0.000004	0.999976
67	F	X	0.000019	0.000004	0.999977
68	N	X	0.000016	0.000005	0.999979
69	S	X	0.000014	0.000003	0.999983
70	L	X	0.000015	0.000001	0.999984
