# Name=Parent_mRNA.Tenebrio_molitor_scaffold_7.1246.1
# pos	aa	SP	CS	OTHER
1	M	X	0.187954	0.000029	0.812017
2	L	X	0.187811	0.000117	0.812072
3	L	X	0.187698	0.000096	0.812206
4	I	X	0.187594	0.000088	0.812317
5	G	X	0.187447	0.000134	0.812418
6	I	X	0.187332	0.000105	0.812563
7	F	X	0.187164	0.000160	0.812677
8	S	X	0.186908	0.000249	0.812843
9	G	X	0.186379	0.000527	0.813095
10	G	X	0.185318	0.001060	0.813622
11	E	X	0.184444	0.000875	0.814681
12	C	X	0.162128	0.022314	0.815558
13	A	X	0.152819	0.009315	0.837867
14	A	X	0.030890	0.121952	0.847158
15	Q	X	0.024004	0.006889	0.969107
16	S	X	0.021968	0.002036	0.975996
17	P	X	0.020231	0.001738	0.978031
18	F	X	0.018662	0.001573	0.979766
19	N	X	0.017613	0.001053	0.981334
20	D	X	0.016423	0.001196	0.982381
21	Q	X	0.014923	0.001507	0.983570
22	K	X	0.013352	0.001578	0.985070
23	I	X	0.012204	0.001156	0.986640
24	K	X	0.010902	0.001310	0.987788
25	E	X	0.009738	0.001172	0.989090
26	Q	X	0.008638	0.001107	0.990254
27	F	X	0.007887	0.000759	0.991354
28	P	X	0.007046	0.000848	0.992106
29	L	X	0.006257	0.000797	0.992946
30	V	X	0.005636	0.000629	0.993735
31	Y	X	0.004982	0.000662	0.994356
32	T	X	0.004324	0.000667	0.995009
33	T	X	0.003755	0.000577	0.995667
34	G	X	0.003165	0.000600	0.996236
35	V	X	0.002769	0.000404	0.996827
36	L	X	0.002382	0.000395	0.997223
37	L	X	0.001956	0.000434	0.997610
38	F	X	0.001683	0.000282	0.998035
39	Y	X	0.001553	0.000141	0.998306
