# Name=Parent_mRNA.Tenebrio_molitor_scaffold_14.55.1
# pos	aa	SP	CS	OTHER
1	M	X	0.022898	0.000006	0.977096
2	R	X	0.022854	0.000009	0.977137
3	E	X	0.022823	0.000004	0.977172
4	V	X	0.022795	0.000005	0.977201
5	A	X	0.022764	0.000008	0.977228
6	L	X	0.022735	0.000008	0.977257
7	P	X	0.022689	0.000026	0.977285
8	L	X	0.022638	0.000033	0.977330
9	L	X	0.022589	0.000032	0.977379
10	K	X	0.022522	0.000052	0.977427
11	L	X	0.022416	0.000093	0.977491
12	R	X	0.022281	0.000124	0.977595
13	R	X	0.021915	0.000357	0.977728
14	L	X	0.021476	0.000430	0.978093
15	V	X	0.021000	0.000469	0.978531
16	W	X	0.020494	0.000499	0.979006
17	Y	X	0.019186	0.001302	0.979511
18	G	X	0.018145	0.001038	0.980817
19	A	X	0.016667	0.001474	0.981858
20	N	X	0.015738	0.000927	0.983335
21	T	X	0.011205	0.004532	0.984263
22	L	X	0.010707	0.000496	0.988796
23	V	X	0.009835	0.000872	0.989293
24	L	X	0.009395	0.000440	0.990166
25	P	X	0.006529	0.002867	0.990604
26	S	X	0.005831	0.000697	0.993472
27	W	X	0.005532	0.000298	0.994171
28	H	X	0.004480	0.001051	0.994469
29	E	X	0.004012	0.000468	0.995520
30	L	X	0.003586	0.000427	0.995987
31	S	X	0.003273	0.000313	0.996414
32	P	X	0.002092	0.001183	0.996726
33	E	X	0.001606	0.000486	0.997907
34	T	X	0.001032	0.000575	0.998393
35	R	X	0.000659	0.000374	0.998967
36	H	X	0.000464	0.000196	0.999340
37	I	X	0.000348	0.000117	0.999534
38	C	X	0.000290	0.000060	0.999650
39	D	X	0.000259	0.000032	0.999709
40	Q	X	0.000218	0.000043	0.999739
41	F	X	0.000192	0.000028	0.999780
42	V	X	0.000176	0.000018	0.999806
43	T	X	0.000165	0.000013	0.999822
44	H	X	0.000156	0.000013	0.999831
45	H	X	0.000142	0.000017	0.999841
46	L	X	0.000130	0.000016	0.999854
47	Q	X	0.000123	0.000011	0.999866
48	S	X	0.000113	0.000014	0.999873
49	C	X	0.000108	0.000010	0.999882
50	R	X	0.000102	0.000011	0.999887
51	N	X	0.000096	0.000012	0.999892
52	A	X	0.000091	0.000010	0.999899
53	I	X	0.000087	0.000009	0.999904
54	A	X	0.000075	0.000019	0.999906
55	S	X	0.000069	0.000010	0.999920
56	D	X	0.000066	0.000008	0.999926
57	K	X	0.000063	0.000008	0.999930
58	R	X	0.000059	0.000008	0.999933
59	W	X	0.000057	0.000006	0.999937
60	R	X	0.000054	0.000008	0.999938
61	I	X	0.000052	0.000006	0.999942
62	K	X	0.000049	0.000007	0.999944
63	V	X	0.000047	0.000006	0.999947
64	Y	X	0.000045	0.000006	0.999949
65	R	X	0.000041	0.000009	0.999950
66	K	X	0.000037	0.000008	0.999955
67	V	X	0.000033	0.000007	0.999959
68	F	X	0.000030	0.000007	0.999963
69	T	X	0.000027	0.000007	0.999966
70	G	X	0.000030	0.000002	0.999968
