# Name=Parent_mRNA.Tenebrio_molitor_scaffold_7.1504.1
# pos	aa	SP	CS	OTHER
1	M	S	0.987959	0.000002	0.012039
2	A	S	0.987982	0.000006	0.012012
3	F	S	0.988012	0.000004	0.011984
4	K	S	0.988036	0.000009	0.011955
5	T	S	0.988066	0.000008	0.011926
6	C	S	0.988093	0.000011	0.011896
7	S	S	0.988116	0.000016	0.011868
8	F	S	0.988132	0.000025	0.011842
9	T	S	0.988149	0.000030	0.011821
10	K	S	0.988160	0.000035	0.011805
11	N	S	0.988179	0.000030	0.011791
12	W	S	0.988202	0.000027	0.011771
13	L	S	0.988208	0.000045	0.011747
14	V	S	0.988241	0.000022	0.011737
15	I	S	0.988270	0.000021	0.011710
16	A	S	0.988217	0.000096	0.011687
17	V	S	0.988213	0.000043	0.011744
18	M	S	0.988077	0.000165	0.011758
19	V	S	0.987824	0.000275	0.011902
20	M	S	0.986210	0.001625	0.012165
21	C	S	0.972530	0.013680	0.013790
22	L	S	0.966093	0.006424	0.027483
23	C	C	0.605791	0.360254	0.033955
24	T	X	0.547551	0.058183	0.394266
25	E	X	0.477842	0.069625	0.452533
26	Y	X	0.452171	0.025602	0.522227
27	N	X	0.440159	0.011949	0.547892
28	C	X	0.268663	0.171421	0.559917
29	Q	X	0.257268	0.011357	0.731375
30	C	X	0.034740	0.222521	0.742739
31	T	X	0.029262	0.005469	0.965269
32	G	X	0.014916	0.014345	0.970739
33	G	X	0.005186	0.009731	0.985084
34	S	X	0.003195	0.001990	0.994815
35	D	X	0.002319	0.000876	0.996805
36	C	X	0.001351	0.000969	0.997680
37	T	X	0.001085	0.000266	0.998649
38	S	X	0.000819	0.000267	0.998914
39	C	X	0.000613	0.000208	0.999179
40	T	X	0.000513	0.000101	0.999386
41	V	X	0.000436	0.000079	0.999485
42	A	X	0.000285	0.000153	0.999562
43	C	X	0.000194	0.000093	0.999714
44	T	X	0.000169	0.000026	0.999805
45	G	X	0.000107	0.000064	0.999829
46	C	X	0.000077	0.000031	0.999892
47	E	X	0.000071	0.000007	0.999921
48	N	X	0.000059	0.000014	0.999927
49	C	X	0.000055	0.000007	0.999938
50	P	X	0.000050	0.000007	0.999943
51	N	X	0.000040	0.000014	0.999947
52	A	X	0.000031	0.000011	0.999957
53	V	X	0.000030	0.000003	0.999967
54	T	X	0.000027	0.000006	0.999968
55	C	X	0.000024	0.000006	0.999971
56	T	X	0.000023	0.000003	0.999974
57	G	X	0.000021	0.000006	0.999973
58	S	X	0.000020	0.000005	0.999976
59	K	X	0.000020	0.000003	0.999977
60	N	X	0.000019	0.000004	0.999977
61	C	X	0.000019	0.000004	0.999977
62	L	X	0.000020	0.000004	0.999976
63	N	X	0.000018	0.000007	0.999975
64	A	X	0.000015	0.000008	0.999977
65	V	X	0.000015	0.000003	0.999982
66	T	X	0.000014	0.000005	0.999982
67	C	X	0.000012	0.000006	0.999983
68	T	X	0.000011	0.000004	0.999985
69	G	X	0.000009	0.000005	0.999986
70	S	X	0.000011	0.000001	0.999988
