# Name=Parent_mRNA.Tenebrio_molitor_scaffold_15.393.1
# pos	aa	SP	CS	OTHER
1	M	X	0.011719	0.000007	0.988274
2	L	X	0.011681	0.000010	0.988309
3	G	X	0.011653	0.000008	0.988339
4	L	X	0.011627	0.000008	0.988365
5	D	X	0.011599	0.000012	0.988389
6	A	X	0.011545	0.000038	0.988416
7	F	X	0.011507	0.000026	0.988467
8	T	X	0.011424	0.000071	0.988505
9	I	X	0.011360	0.000054	0.988586
10	S	X	0.011184	0.000166	0.988649
11	S	X	0.010801	0.000375	0.988824
12	L	X	0.010474	0.000320	0.989206
13	K	X	0.010270	0.000198	0.989531
14	P	X	0.009955	0.000311	0.989734
15	F	X	0.009740	0.000212	0.990049
16	H	X	0.009507	0.000230	0.990263
17	S	X	0.008956	0.000548	0.990495
18	L	X	0.008642	0.000313	0.991045
19	K	X	0.008192	0.000449	0.991359
20	T	X	0.007800	0.000390	0.991809
21	R	X	0.007458	0.000341	0.992200
22	F	X	0.007133	0.000326	0.992541
23	G	X	0.006789	0.000344	0.992867
24	R	X	0.006496	0.000293	0.993211
25	K	X	0.006242	0.000255	0.993503
26	W	X	0.006049	0.000195	0.993756
27	L	X	0.005863	0.000187	0.993950
28	L	X	0.005692	0.000172	0.994135
29	C	X	0.005542	0.000153	0.994306
30	L	X	0.005325	0.000218	0.994457
31	C	X	0.005007	0.000320	0.994674
32	L	X	0.004770	0.000238	0.994992
33	Y	X	0.004483	0.000287	0.995229
34	K	X	0.004239	0.000245	0.995516
35	K	X	0.004057	0.000184	0.995759
36	Q	X	0.003997	0.000063	0.995940
