# Name=Parent_mRNA.Tenebrio_molitor_scaffold_15.126.1
# pos	aa	SP	CS	OTHER
1	M	X	0.022925	0.000008	0.977067
2	L	X	0.022883	0.000008	0.977109
3	K	X	0.022851	0.000005	0.977144
4	T	X	0.022824	0.000004	0.977172
5	K	X	0.022800	0.000004	0.977197
6	I	X	0.022775	0.000006	0.977219
7	C	X	0.022751	0.000007	0.977242
8	T	X	0.022723	0.000012	0.977265
9	T	X	0.022684	0.000025	0.977291
10	K	X	0.022653	0.000020	0.977327
11	E	X	0.022606	0.000038	0.977356
12	G	X	0.022465	0.000133	0.977402
13	G	X	0.022242	0.000217	0.977542
14	I	X	0.022059	0.000177	0.977764
15	L	X	0.021916	0.000138	0.977945
16	Y	X	0.021801	0.000112	0.978087
17	I	X	0.021722	0.000076	0.978201
18	L	X	0.021658	0.000062	0.978280
19	W	X	0.021577	0.000079	0.978344
20	H	X	0.021493	0.000082	0.978425
21	V	X	0.021400	0.000090	0.978510
22	V	X	0.021180	0.000217	0.978604
23	S	X	0.013098	0.008076	0.978826
24	Q	X	0.008019	0.005074	0.986907
25	D	X	0.006352	0.001662	0.991986
26	S	X	0.005562	0.000787	0.993651
27	T	X	0.005130	0.000430	0.994440
28	L	X	0.004289	0.000840	0.994871
29	F	X	0.003497	0.000792	0.995711
30	S	X	0.001718	0.001782	0.996501
31	S	X	0.001197	0.000521	0.998282
32	Q	X	0.000898	0.000300	0.998802
33	F	X	0.000767	0.000132	0.999101
34	S	X	0.000628	0.000140	0.999232
35	V	X	0.000556	0.000073	0.999371
36	K	X	0.000474	0.000083	0.999443
37	I	X	0.000418	0.000057	0.999525
38	E	X	0.000380	0.000040	0.999580
39	D	X	0.000351	0.000031	0.999618
40	Y	X	0.000325	0.000028	0.999647
41	L	X	0.000297	0.000030	0.999672
42	K	X	0.000280	0.000020	0.999700
43	N	X	0.000261	0.000022	0.999717
44	I	X	0.000251	0.000013	0.999736
45	R	X	0.000235	0.000019	0.999745
46	I	X	0.000224	0.000015	0.999761
47	L	X	0.000212	0.000017	0.999772
48	E	X	0.000202	0.000014	0.999784
49	K	X	0.000190	0.000017	0.999793
50	L	X	0.000180	0.000015	0.999805
51	A	X	0.000167	0.000018	0.999815
52	H	X	0.000157	0.000016	0.999828
53	S	X	0.000131	0.000032	0.999837
54	S	X	0.000120	0.000015	0.999865
55	N	X	0.000110	0.000014	0.999875
56	N	X	0.000101	0.000013	0.999886
57	K	X	0.000091	0.000015	0.999894
58	S	X	0.000082	0.000013	0.999905
59	E	X	0.000074	0.000011	0.999914
60	T	X	0.000065	0.000014	0.999922
61	L	X	0.000058	0.000010	0.999932
62	F	X	0.000053	0.000009	0.999939
63	Q	X	0.000047	0.000009	0.999944
64	W	X	0.000043	0.000007	0.999950
65	T	X	0.000040	0.000005	0.999954
66	P	X	0.000036	0.000007	0.999957
67	L	X	0.000033	0.000007	0.999961
68	E	X	0.000028	0.000007	0.999965
69	Y	X	0.000025	0.000006	0.999969
70	A	X	0.000027	0.000002	0.999971
