# Name=Parent_mRNA.Tenebrio_molitor_scaffold_15.302.1
# pos	aa	SP	CS	OTHER
1	M	X	0.008619	0.000003	0.991378
2	S	X	0.008596	0.000008	0.991396
3	P	X	0.008579	0.000008	0.991413
4	N	X	0.008563	0.000009	0.991428
5	I	X	0.008546	0.000011	0.991443
6	L	X	0.008523	0.000018	0.991459
7	H	X	0.008491	0.000027	0.991481
8	S	X	0.008437	0.000050	0.991512
9	N	X	0.008381	0.000053	0.991566
10	I	X	0.008320	0.000058	0.991621
11	D	X	0.008233	0.000085	0.991681
12	R	X	0.008041	0.000191	0.991768
13	Q	X	0.007732	0.000308	0.991960
14	M	X	0.007362	0.000370	0.992268
15	Y	X	0.006965	0.000398	0.992638
16	R	X	0.006487	0.000479	0.993035
17	E	X	0.006123	0.000365	0.993512
18	R	X	0.005671	0.000453	0.993875
19	N	X	0.005267	0.000406	0.994327
20	R	X	0.004818	0.000451	0.994731
21	R	X	0.004327	0.000494	0.995179
22	S	X	0.003858	0.000472	0.995670
23	I	X	0.003448	0.000414	0.996138
24	A	X	0.002607	0.000845	0.996548
25	L	X	0.002209	0.000401	0.997390
26	T	X	0.001920	0.000292	0.997788
27	P	X	0.001675	0.000248	0.998077
28	S	X	0.001451	0.000227	0.998322
29	T	X	0.001265	0.000189	0.998546
30	V	X	0.001127	0.000140	0.998733
31	P	X	0.000916	0.000214	0.998870
32	Y	X	0.000789	0.000130	0.999081
33	H	X	0.000685	0.000106	0.999208
34	I	X	0.000588	0.000099	0.999312
35	S	X	0.000495	0.000096	0.999409
36	G	X	0.000464	0.000035	0.999501
