# Name=Parent_mRNA.Tenebrio_molitor_scaffold_7.1544.1
# pos	aa	SP	CS	OTHER
1	M	S	0.974829	0.000002	0.025169
2	A	S	0.974847	0.000008	0.025145
3	F	S	0.974869	0.000006	0.025125
4	K	S	0.974881	0.000015	0.025103
5	T	S	0.974897	0.000016	0.025087
6	C	S	0.974906	0.000024	0.025070
7	V	S	0.974910	0.000031	0.025059
8	F	S	0.974914	0.000032	0.025054
9	T	S	0.974918	0.000034	0.025048
10	K	S	0.974862	0.000095	0.025044
11	N	S	0.974873	0.000031	0.025096
12	W	S	0.974876	0.000040	0.025084
13	L	S	0.974820	0.000100	0.025080
14	V	S	0.974819	0.000050	0.025131
15	I	S	0.974799	0.000064	0.025137
16	A	S	0.974490	0.000348	0.025162
17	V	S	0.974407	0.000121	0.025471
18	I	S	0.974166	0.000269	0.025565
19	V	S	0.973803	0.000383	0.025813
20	M	S	0.971417	0.002394	0.026189
21	C	S	0.952365	0.019048	0.028586
22	L	S	0.946055	0.006296	0.047649
23	C	C	0.613211	0.332796	0.053993
24	T	X	0.548520	0.064632	0.386848
25	E	X	0.467215	0.081221	0.451564
26	Y	X	0.439239	0.027910	0.532851
27	Y	X	0.434142	0.005041	0.560817
28	C	X	0.252845	0.181232	0.565923
29	Q	X	0.244934	0.007880	0.747185
30	C	X	0.041570	0.203364	0.755065
31	T	X	0.035739	0.005825	0.958436
32	G	X	0.019095	0.016647	0.964258
33	G	X	0.006132	0.012966	0.980902
34	S	X	0.003300	0.002832	0.993868
35	D	X	0.002174	0.001126	0.996700
36	C	X	0.000915	0.001261	0.997824
37	T	X	0.000628	0.000287	0.999085
38	S	X	0.000393	0.000236	0.999371
39	C	X	0.000240	0.000155	0.999605
40	T	X	0.000170	0.000071	0.999759
41	T	X	0.000142	0.000030	0.999828
42	E	X	0.000110	0.000034	0.999856
43	C	X	0.000063	0.000049	0.999888
44	T	X	0.000054	0.000011	0.999935
45	G	X	0.000037	0.000019	0.999944
46	C	X	0.000029	0.000010	0.999962
47	G	X	0.000028	0.000003	0.999969
48	N	X	0.000026	0.000003	0.999970
49	C	X	0.000026	0.000003	0.999971
50	P	X	0.000026	0.000003	0.999971
51	N	X	0.000023	0.000007	0.999970
52	A	X	0.000021	0.000006	0.999973
53	L	X	0.000021	0.000003	0.999975
54	T	X	0.000020	0.000005	0.999975
55	C	X	0.000021	0.000003	0.999976
56	T	X	0.000022	0.000004	0.999974
57	A	X	0.000019	0.000009	0.999972
58	S	X	0.000018	0.000006	0.999976
59	E	X	0.000019	0.000004	0.999977
60	N	X	0.000019	0.000004	0.999976
61	C	X	0.000020	0.000004	0.999976
62	V	X	0.000023	0.000003	0.999974
63	K	X	0.000023	0.000007	0.999970
64	A	X	0.000017	0.000013	0.999970
65	V	X	0.000019	0.000003	0.999978
66	K	X	0.000018	0.000006	0.999976
67	C	X	0.000014	0.000009	0.999976
68	T	X	0.000014	0.000005	0.999981
69	E	X	0.000011	0.000007	0.999982
70	S	X	0.000013	0.000002	0.999984
