# Name=Parent_mRNA.Tenebrio_molitor_scaffold_7.1501.1
# pos	aa	SP	CS	OTHER
1	M	S	0.978281	0.000002	0.021717
2	A	S	0.978299	0.000007	0.021694
3	F	S	0.978322	0.000005	0.021672
4	K	S	0.978335	0.000015	0.021650
5	T	S	0.978355	0.000013	0.021632
6	C	S	0.978366	0.000021	0.021613
7	A	S	0.978366	0.000033	0.021601
8	F	S	0.978353	0.000050	0.021598
9	T	S	0.978337	0.000055	0.021608
10	K	S	0.978294	0.000082	0.021624
11	N	S	0.978285	0.000052	0.021664
12	W	S	0.978278	0.000050	0.021672
13	L	S	0.978230	0.000092	0.021678
14	V	S	0.978232	0.000047	0.021721
15	I	S	0.978230	0.000046	0.021724
16	A	S	0.978038	0.000231	0.021731
17	V	S	0.977987	0.000088	0.021925
18	I	S	0.977798	0.000217	0.021985
19	V	S	0.977485	0.000333	0.022182
20	M	S	0.975327	0.002167	0.022506
21	C	S	0.961282	0.014043	0.024675
22	L	S	0.955132	0.006136	0.038732
23	C	C	0.669018	0.286066	0.044916
24	T	X	0.607341	0.061617	0.331042
25	E	X	0.531197	0.076056	0.392747
26	Y	X	0.504553	0.026572	0.468875
27	Y	X	0.499049	0.005439	0.495512
28	C	X	0.311915	0.187059	0.501026
29	Q	X	0.303188	0.008689	0.688123
30	C	X	0.066252	0.236930	0.696818
31	T	X	0.059299	0.006947	0.933754
32	G	X	0.040493	0.018810	0.940697
33	G	X	0.014983	0.025519	0.959498
34	A	X	0.005007	0.009977	0.985016
35	D	X	0.003513	0.001494	0.994993
36	C	X	0.001280	0.002236	0.996485
37	T	X	0.000932	0.000349	0.998720
38	S	X	0.000691	0.000243	0.999066
39	C	X	0.000488	0.000206	0.999306
40	T	X	0.000391	0.000100	0.999509
41	E	X	0.000281	0.000113	0.999606
42	A	X	0.000128	0.000158	0.999715
43	C	X	0.000081	0.000049	0.999871
44	T	X	0.000069	0.000013	0.999918
45	G	X	0.000046	0.000024	0.999929
46	C	X	0.000035	0.000012	0.999952
47	G	X	0.000034	0.000004	0.999963
48	N	X	0.000032	0.000004	0.999964
49	C	X	0.000031	0.000003	0.999966
50	P	X	0.000030	0.000004	0.999966
51	N	X	0.000025	0.000009	0.999966
52	A	X	0.000021	0.000008	0.999972
53	V	X	0.000021	0.000003	0.999977
54	T	X	0.000020	0.000004	0.999976
55	C	X	0.000017	0.000007	0.999976
56	T	X	0.000018	0.000003	0.999979
57	D	X	0.000018	0.000005	0.999978
58	S	X	0.000017	0.000006	0.999978
59	K	X	0.000017	0.000004	0.999979
60	N	X	0.000017	0.000004	0.999979
61	C	X	0.000017	0.000004	0.999979
62	I	X	0.000018	0.000003	0.999979
63	N	X	0.000017	0.000007	0.999976
64	A	X	0.000013	0.000009	0.999977
65	V	X	0.000014	0.000003	0.999983
66	T	X	0.000013	0.000005	0.999982
67	C	X	0.000011	0.000006	0.999983
68	T	X	0.000010	0.000004	0.999986
69	G	X	0.000009	0.000005	0.999986
70	S	X	0.000011	0.000001	0.999987
