# Name=Parent_mRNA.Tenebrio_molitor_scaffold_7.372.1
# pos	aa	SP	CS	OTHER
1	M	X	0.328441	0.000004	0.671555
2	S	X	0.328397	0.000008	0.671595
3	P	X	0.328361	0.000007	0.671633
4	W	X	0.328327	0.000008	0.671666
5	Q	X	0.328295	0.000008	0.671698
6	F	X	0.328260	0.000012	0.671728
7	S	X	0.328223	0.000015	0.671761
8	L	X	0.328182	0.000021	0.671797
9	F	X	0.328143	0.000018	0.671839
10	L	X	0.328104	0.000015	0.671880
11	I	X	0.328062	0.000014	0.671924
12	I	X	0.327975	0.000050	0.671975
13	S	X	0.327573	0.000361	0.672066
14	H	X	0.327221	0.000314	0.672465
15	Q	X	0.320455	0.006728	0.672817
16	S	X	0.317128	0.003295	0.679578
17	Y	X	0.316112	0.000982	0.682906
18	L	X	0.298993	0.017083	0.683925
19	I	X	0.290764	0.008203	0.701033
20	H	X	0.286080	0.004666	0.709254
21	S	X	0.029681	0.256396	0.713923
22	I	X	0.027558	0.002113	0.970329
23	K	X	0.022464	0.005087	0.972449
24	Y	X	0.020359	0.002102	0.977539
25	T	X	0.017996	0.002362	0.979641
26	L	X	0.016709	0.001289	0.982002
27	T	X	0.012283	0.004430	0.983287
28	K	X	0.010570	0.001717	0.987713
29	S	X	0.008697	0.001879	0.989424
30	T	X	0.007645	0.001057	0.991298
31	S	X	0.006221	0.001430	0.992349
32	E	X	0.005536	0.000691	0.993774
33	T	X	0.004956	0.000585	0.994458
34	T	X	0.004624	0.000338	0.995038
35	H	X	0.004288	0.000343	0.995369
36	H	X	0.003885	0.000411	0.995704
37	D	X	0.003536	0.000357	0.996107
38	E	X	0.003256	0.000288	0.996456
39	D	X	0.003029	0.000235	0.996735
40	V	X	0.002867	0.000172	0.996962
41	I	X	0.002721	0.000156	0.997123
42	T	X	0.002528	0.000205	0.997268
43	S	X	0.002316	0.000224	0.997460
44	E	X	0.002130	0.000198	0.997671
45	E	X	0.001979	0.000163	0.997858
46	N	X	0.001823	0.000167	0.998009
47	V	X	0.001701	0.000134	0.998166
48	R	X	0.001559	0.000154	0.998288
49	K	X	0.001429	0.000141	0.998430
50	L	X	0.001321	0.000119	0.998560
51	T	X	0.001217	0.000115	0.998669
52	V	X	0.001133	0.000094	0.998773
53	E	X	0.001038	0.000106	0.998857
54	D	X	0.000951	0.000097	0.998952
55	E	X	0.000871	0.000090	0.999039
56	F	X	0.000807	0.000074	0.999120
57	H	X	0.000744	0.000073	0.999183
58	I	X	0.000691	0.000063	0.999246
59	F	X	0.000637	0.000065	0.999298
60	D	X	0.000580	0.000068	0.999351
61	K	X	0.000527	0.000065	0.999408
62	D	X	0.000475	0.000063	0.999462
63	L	X	0.000424	0.000061	0.999514
64	L	X	0.000375	0.000059	0.999566
65	Q	X	0.000328	0.000057	0.999615
66	I	X	0.000284	0.000053	0.999663
67	T	X	0.000241	0.000051	0.999708
68	E	X	0.000197	0.000050	0.999753
69	K	X	0.000162	0.000041	0.999797
70	T	X	0.000153	0.000014	0.999832
