# Name=Parent_mRNA.Tenebrio_molitor_scaffold_7.1493.1
# pos	aa	SP	CS	OTHER
1	M	S	0.978226	0.000003	0.021771
2	A	S	0.978246	0.000009	0.021745
3	F	S	0.978273	0.000005	0.021721
4	K	S	0.978291	0.000013	0.021696
5	T	S	0.978317	0.000011	0.021672
6	C	S	0.978334	0.000019	0.021646
7	G	S	0.978344	0.000028	0.021627
8	F	S	0.978345	0.000041	0.021614
9	T	S	0.978338	0.000054	0.021608
10	K	S	0.978324	0.000061	0.021616
11	N	S	0.978325	0.000048	0.021627
12	W	S	0.978331	0.000044	0.021625
13	L	S	0.978302	0.000080	0.021618
14	V	S	0.978315	0.000043	0.021642
15	I	S	0.978332	0.000035	0.021633
16	A	S	0.978199	0.000179	0.021622
17	V	S	0.978175	0.000067	0.021758
18	I	S	0.978037	0.000171	0.021792
19	V	S	0.977792	0.000270	0.021938
20	M	S	0.975983	0.001821	0.022196
21	C	S	0.965560	0.010424	0.024015
22	L	S	0.959992	0.005558	0.034449
23	C	S	0.722467	0.237482	0.040051
24	T	S	0.665864	0.056547	0.277589
25	E	S	0.592984	0.072793	0.334222
26	Y	S	0.567000	0.025912	0.407087
27	Y	S	0.561415	0.005521	0.433065
28	C	S	0.358901	0.202435	0.438665
29	Q	S	0.349002	0.009860	0.641138
30	C	C	0.049677	0.299321	0.651002
31	T	X	0.041654	0.008014	0.950332
32	G	X	0.017424	0.024232	0.958344
33	G	X	0.005186	0.012239	0.982575
34	T	X	0.003257	0.001928	0.994815
35	D	X	0.002366	0.000891	0.996743
36	C	X	0.001078	0.001290	0.997632
37	T	X	0.000808	0.000271	0.998921
38	S	X	0.000603	0.000208	0.999190
39	C	X	0.000430	0.000176	0.999395
40	T	X	0.000352	0.000081	0.999568
41	E	X	0.000262	0.000093	0.999645
42	A	X	0.000122	0.000144	0.999734
43	C	X	0.000081	0.000042	0.999876
44	T	X	0.000071	0.000011	0.999917
45	G	X	0.000050	0.000023	0.999927
46	C	X	0.000040	0.000011	0.999948
47	G	X	0.000039	0.000004	0.999958
48	N	X	0.000037	0.000004	0.999959
49	C	X	0.000036	0.000003	0.999960
50	P	X	0.000036	0.000004	0.999960
51	N	X	0.000031	0.000009	0.999960
52	A	X	0.000025	0.000010	0.999964
53	A	X	0.000024	0.000005	0.999972
54	T	X	0.000022	0.000005	0.999973
55	C	X	0.000019	0.000007	0.999974
56	T	X	0.000019	0.000003	0.999978
57	D	X	0.000019	0.000005	0.999976
58	S	X	0.000018	0.000006	0.999976
59	Q	X	0.000018	0.000004	0.999978
60	N	X	0.000019	0.000004	0.999977
61	C	X	0.000020	0.000004	0.999976
62	V	X	0.000023	0.000003	0.999975
63	K	X	0.000022	0.000008	0.999970
64	A	X	0.000016	0.000015	0.999970
65	A	X	0.000016	0.000005	0.999980
66	T	X	0.000014	0.000005	0.999981
67	C	X	0.000012	0.000006	0.999983
68	T	X	0.000011	0.000004	0.999985
69	G	X	0.000009	0.000005	0.999986
70	S	X	0.000011	0.000002	0.999987
