# Name=Parent_mRNA.Tenebrio_molitor_scaffold_7.1502.1
# pos	aa	SP	CS	OTHER
1	M	S	0.983256	0.000002	0.016742
2	A	S	0.983276	0.000005	0.016719
3	F	S	0.983301	0.000004	0.016696
4	K	S	0.983320	0.000008	0.016672
5	T	S	0.983344	0.000007	0.016649
6	C	S	0.983364	0.000011	0.016625
7	A	S	0.983381	0.000016	0.016603
8	F	S	0.983394	0.000022	0.016584
9	T	S	0.983410	0.000023	0.016567
10	K	S	0.983413	0.000034	0.016553
11	N	S	0.983428	0.000026	0.016547
12	W	S	0.983440	0.000029	0.016531
13	L	S	0.983433	0.000050	0.016518
14	V	S	0.983456	0.000024	0.016520
15	I	S	0.983473	0.000025	0.016502
16	A	S	0.983404	0.000107	0.016489
17	V	S	0.983394	0.000045	0.016560
18	I	S	0.983313	0.000108	0.016579
19	V	S	0.983152	0.000181	0.016667
20	M	S	0.982067	0.001095	0.016838
21	C	S	0.975435	0.006635	0.017930
22	L	S	0.971696	0.003731	0.024573
23	C	C	0.607121	0.364535	0.028344
24	A	X	0.398534	0.208539	0.392927
25	E	X	0.337230	0.061221	0.601548
26	Y	X	0.306342	0.030820	0.662838
27	Y	X	0.302681	0.003609	0.693710
28	C	X	0.179185	0.123438	0.697377
29	Q	X	0.173471	0.005684	0.820844
30	C	X	0.046229	0.127235	0.826536
31	T	X	0.040775	0.005448	0.953778
32	G	X	0.028446	0.012330	0.959225
33	G	X	0.012988	0.015461	0.971551
34	A	X	0.005872	0.007116	0.987012
35	D	X	0.004359	0.001512	0.994128
36	C	X	0.002245	0.002116	0.995639
37	T	X	0.001793	0.000452	0.997755
38	S	X	0.001375	0.000420	0.998205
39	C	X	0.001083	0.000294	0.998623
40	T	X	0.000878	0.000208	0.998914
41	A	X	0.000634	0.000247	0.999119
42	A	X	0.000338	0.000298	0.999364
43	C	X	0.000220	0.000119	0.999661
44	T	X	0.000191	0.000030	0.999779
45	G	X	0.000131	0.000062	0.999808
46	C	X	0.000100	0.000032	0.999868
47	G	X	0.000091	0.000010	0.999899
48	N	X	0.000077	0.000015	0.999907
49	C	X	0.000072	0.000008	0.999920
50	P	X	0.000066	0.000009	0.999925
51	N	X	0.000053	0.000017	0.999930
52	A	X	0.000044	0.000012	0.999944
53	V	X	0.000042	0.000004	0.999954
54	T	X	0.000038	0.000007	0.999955
55	C	X	0.000032	0.000010	0.999959
56	T	X	0.000031	0.000004	0.999965
57	D	X	0.000028	0.000007	0.999965
58	S	X	0.000025	0.000008	0.999967
59	Q	X	0.000024	0.000004	0.999972
60	N	X	0.000024	0.000005	0.999972
61	C	X	0.000023	0.000005	0.999972
62	V	X	0.000025	0.000003	0.999972
63	K	X	0.000022	0.000008	0.999969
64	A	X	0.000017	0.000012	0.999971
65	V	X	0.000017	0.000003	0.999980
66	T	X	0.000015	0.000005	0.999980
67	C	X	0.000012	0.000006	0.999981
68	T	X	0.000011	0.000004	0.999984
69	G	X	0.000009	0.000005	0.999985
70	S	X	0.000012	0.000002	0.999987
