# Name=Parent_mRNA.Tenebrio_molitor_scaffold_7.1126.1
# pos	aa	SP	CS	OTHER
1	M	X	0.015140	0.000004	0.984855
2	L	X	0.015115	0.000006	0.984879
3	N	X	0.015097	0.000006	0.984897
4	C	X	0.015082	0.000005	0.984913
5	N	X	0.015059	0.000015	0.984927
6	T	X	0.015033	0.000018	0.984948
7	Q	X	0.014982	0.000045	0.984972
8	S	X	0.014883	0.000094	0.985023
9	F	X	0.014703	0.000176	0.985121
10	D	X	0.014572	0.000129	0.985299
11	M	X	0.014439	0.000131	0.985430
12	G	X	0.014220	0.000219	0.985562
13	R	X	0.013918	0.000301	0.985781
14	N	X	0.013454	0.000465	0.986082
15	A	X	0.012590	0.000865	0.986545
16	A	X	0.011778	0.000813	0.987408
17	V	X	0.011176	0.000604	0.988220
18	I	X	0.010799	0.000380	0.988821
19	W	X	0.010312	0.000490	0.989198
20	K	X	0.009663	0.000652	0.989685
21	S	X	0.009196	0.000471	0.990333
22	M	X	0.008799	0.000402	0.990800
23	S	X	0.007620	0.001183	0.991197
24	S	X	0.006840	0.000785	0.992375
25	T	X	0.005957	0.000888	0.993155
26	W	X	0.005598	0.000363	0.994039
27	Q	X	0.004550	0.001054	0.994396
28	Y	X	0.004299	0.000256	0.995444
29	E	X	0.004099	0.000206	0.995695
30	S	X	0.003720	0.000386	0.995894
31	V	X	0.003537	0.000190	0.996273
32	F	X	0.003202	0.000342	0.996456
33	S	X	0.001135	0.002079	0.996786
34	V	X	0.001029	0.000108	0.998863
35	C	X	0.000885	0.000147	0.998968
36	C	X	0.000681	0.000208	0.999111
37	I	X	0.000630	0.000053	0.999316
38	P	X	0.000553	0.000080	0.999366
39	H	X	0.000505	0.000052	0.999443
40	C	X	0.000452	0.000057	0.999491
41	Y	X	0.000420	0.000036	0.999544
42	T	X	0.000347	0.000079	0.999574
43	N	X	0.000311	0.000041	0.999648
44	S	X	0.000222	0.000095	0.999683
45	S	X	0.000193	0.000033	0.999773
46	H	X	0.000165	0.000033	0.999802
47	C	X	0.000135	0.000036	0.999830
48	H	X	0.000117	0.000022	0.999861
49	S	X	0.000089	0.000032	0.999878
50	C	X	0.000078	0.000015	0.999907
51	W	X	0.000067	0.000016	0.999917
52	F	X	0.000066	0.000007	0.999927
