# Name=Parent_mRNA.Tenebrio_molitor_scaffold_15.375.1
# pos	aa	SP	CS	OTHER
1	M	X	0.008417	0.000010	0.991573
2	Y	X	0.008372	0.000026	0.991602
3	N	X	0.008332	0.000029	0.991639
4	N	X	0.008306	0.000018	0.991677
5	D	X	0.008282	0.000016	0.991701
6	K	X	0.008207	0.000069	0.991723
7	M	X	0.008127	0.000075	0.991798
8	Y	X	0.008036	0.000087	0.991877
9	D	X	0.007922	0.000111	0.991967
10	K	X	0.007781	0.000139	0.992080
11	R	X	0.007455	0.000325	0.992221
12	G	X	0.006987	0.000466	0.992547
13	V	X	0.006585	0.000402	0.993013
14	P	X	0.006044	0.000541	0.993415
15	K	X	0.005533	0.000511	0.993956
16	L	X	0.005090	0.000443	0.994466
17	T	X	0.004766	0.000325	0.994908
18	D	X	0.004382	0.000386	0.995232
19	S	X	0.003812	0.000571	0.995617
20	H	X	0.003462	0.000351	0.996186
21	I	X	0.003160	0.000304	0.996536
22	S	X	0.002967	0.000196	0.996838
23	P	X	0.002675	0.000294	0.997031
24	H	X	0.002501	0.000177	0.997322
25	N	X	0.002304	0.000199	0.997497
26	F	X	0.002142	0.000166	0.997693
27	E	X	0.001998	0.000147	0.997855
28	K	X	0.001825	0.000177	0.997998
29	M	X	0.001685	0.000145	0.998170
30	K	X	0.001534	0.000155	0.998310
31	V	X	0.001410	0.000129	0.998461
32	K	X	0.001288	0.000126	0.998585
33	Y	X	0.001156	0.000138	0.998707
34	A	X	0.001012	0.000149	0.998839
35	A	X	0.000895	0.000122	0.998983
36	Q	X	0.000790	0.000109	0.999100
37	V	X	0.000713	0.000082	0.999205
38	L	X	0.000644	0.000073	0.999282
39	S	X	0.000546	0.000104	0.999350
40	A	X	0.000468	0.000083	0.999449
41	T	X	0.000406	0.000067	0.999527
42	V	X	0.000345	0.000066	0.999589
43	A	X	0.000281	0.000070	0.999649
44	A	X	0.000264	0.000025	0.999711
