# Name=Parent_mRNA.Tenebrio_molitor_scaffold_70.1.1
# pos	aa	SP	CS	OTHER
1	S	S	0.523999	0.000007	0.475995
2	I	S	0.523989	0.000010	0.476002
3	Y	S	0.523987	0.000005	0.476007
4	R	S	0.523988	0.000005	0.476007
5	S	S	0.523992	0.000005	0.476004
6	E	S	0.523996	0.000006	0.475998
7	V	S	0.524002	0.000006	0.475992
8	V	S	0.524002	0.000015	0.475983
9	R	S	0.523981	0.000037	0.475982
10	P	S	0.523900	0.000100	0.476000
11	Q	S	0.523786	0.000137	0.476078
12	I	S	0.523665	0.000146	0.476189
13	F	S	0.523470	0.000223	0.476307
14	F	S	0.523168	0.000332	0.476500
15	F	S	0.522742	0.000455	0.476802
16	C	S	0.522195	0.000585	0.477220
17	D	S	0.521818	0.000413	0.477769
18	C	S	0.520645	0.001206	0.478149
19	V	S	0.520059	0.000623	0.479318
20	L	S	0.519036	0.001057	0.479908
21	L	S	0.516530	0.002538	0.480933
22	L	S	0.514306	0.002256	0.483438
23	G	S	0.510369	0.003967	0.485664
24	C	S	0.507444	0.002959	0.489597
25	F	S	0.504317	0.003152	0.492531
26	S	S	0.450296	0.054037	0.495667
27	G	S	0.433198	0.017118	0.549684
28	C	S	0.296508	0.136704	0.566788
29	G	C	0.093603	0.202924	0.703473
30	Q	X	0.055311	0.038293	0.906397
31	C	X	0.026592	0.028719	0.944689
32	P	X	0.021587	0.005005	0.973408
33	S	X	0.015753	0.005837	0.978410
34	D	X	0.014008	0.001748	0.984244
35	F	X	0.011583	0.002432	0.985986
36	G	X	0.009809	0.001780	0.988411
37	N	X	0.008463	0.001354	0.990183
38	T	X	0.007229	0.001244	0.991527
39	N	X	0.006313	0.000927	0.992761
40	M	X	0.005627	0.000697	0.993676
41	P	X	0.004866	0.000775	0.994360
42	K	X	0.004154	0.000726	0.995120
43	V	X	0.003865	0.000302	0.995833
44	P	X	0.003348	0.000533	0.996119
45	G	X	0.002832	0.000533	0.996635
46	K	X	0.002422	0.000425	0.997153
47	L	X	0.002070	0.000367	0.997563
48	N	X	0.001806	0.000279	0.997915
49	T	X	0.001669	0.000151	0.998180
50	P	X	0.001539	0.000145	0.998316
51	P	X	0.001337	0.000220	0.998443
52	V	X	0.001216	0.000138	0.998646
53	E	X	0.001123	0.000111	0.998766
54	I	X	0.001006	0.000138	0.998856
55	K	X	0.000914	0.000113	0.998973
56	R	X	0.000840	0.000093	0.999066
57	P	X	0.000763	0.000097	0.999140
58	M	X	0.000694	0.000089	0.999217
59	G	X	0.000635	0.000078	0.999287
60	S	X	0.000574	0.000081	0.999344
61	K	X	0.000519	0.000075	0.999405
62	T	X	0.000466	0.000072	0.999461
63	L	X	0.000418	0.000068	0.999514
64	S	X	0.000363	0.000074	0.999563
65	G	X	0.000303	0.000079	0.999618
66	A	X	0.000245	0.000075	0.999680
67	K	X	0.000187	0.000072	0.999741
68	S	X	0.000130	0.000068	0.999802
69	N	X	0.000092	0.000047	0.999861
70	N	X	0.000090	0.000012	0.999898
