# Name=Parent_mRNA.Tenebrio_molitor_scaffold_7.582.1
# pos	aa	SP	CS	OTHER
1	M	X	0.224323	0.000004	0.775673
2	Q	X	0.224272	0.000010	0.775718
3	A	X	0.224233	0.000009	0.775758
4	R	X	0.224198	0.000008	0.775794
5	V	X	0.224167	0.000007	0.775826
6	V	X	0.224138	0.000008	0.775854
7	L	X	0.224113	0.000006	0.775882
8	P	X	0.224082	0.000011	0.775907
9	L	X	0.224057	0.000006	0.775937
10	I	X	0.224030	0.000006	0.775964
11	T	X	0.223955	0.000049	0.775996
12	A	X	0.223032	0.000893	0.776075
13	C	X	0.220892	0.002108	0.777000
14	A	X	0.213002	0.007854	0.779144
15	N	X	0.209693	0.003278	0.787029
16	R	X	0.197557	0.012102	0.790341
17	A	X	0.149803	0.047724	0.802473
18	G	X	0.140766	0.009012	0.850222
19	I	X	0.080042	0.060703	0.859255
20	S	X	0.045853	0.034180	0.919967
21	N	X	0.021551	0.024296	0.954152
22	V	X	0.014820	0.006726	0.978453
23	Q	X	0.011820	0.002997	0.985183
24	I	X	0.009782	0.002036	0.988182
25	S	X	0.007690	0.002091	0.990219
26	F	X	0.006987	0.000703	0.992311
27	P	X	0.005567	0.001420	0.993013
28	F	X	0.004809	0.000759	0.994432
29	R	X	0.003963	0.000847	0.995190
30	I	X	0.003524	0.000441	0.996036
31	P	X	0.003072	0.000453	0.996475
32	S	X	0.002474	0.000600	0.996925
33	C	X	0.002179	0.000297	0.997524
34	L	X	0.001944	0.000238	0.997818
35	I	X	0.001785	0.000162	0.998053
36	H	X	0.001661	0.000128	0.998211
37	N	X	0.001522	0.000143	0.998335
38	L	X	0.001419	0.000107	0.998474
39	C	X	0.001304	0.000121	0.998576
40	K	X	0.001216	0.000093	0.998691
41	F	X	0.001133	0.000089	0.998778
42	L	X	0.001055	0.000084	0.998860
43	D	X	0.000990	0.000071	0.998938
44	R	X	0.000914	0.000083	0.999003
45	Y	X	0.000852	0.000069	0.999079
46	V	X	0.000812	0.000047	0.999142
47	P	X	0.000763	0.000056	0.999181
48	S	X	0.000708	0.000063	0.999229
49	F	X	0.000668	0.000047	0.999285
50	H	X	0.000628	0.000048	0.999324
51	I	X	0.000594	0.000043	0.999363
52	Y	X	0.000561	0.000042	0.999397
53	L	X	0.000527	0.000044	0.999429
54	G	X	0.000492	0.000046	0.999462
55	M	X	0.000461	0.000041	0.999497
56	N	X	0.000432	0.000040	0.999528
57	F	X	0.000404	0.000039	0.999558
58	S	X	0.000373	0.000042	0.999585
59	E	X	0.000348	0.000035	0.999616
60	S	X	0.000313	0.000048	0.999640
61	I	X	0.000288	0.000035	0.999677
62	R	X	0.000259	0.000039	0.999702
63	F	X	0.000232	0.000038	0.999730
64	I	X	0.000206	0.000036	0.999758
65	K	X	0.000182	0.000035	0.999784
66	I	X	0.000160	0.000030	0.999809
67	V	X	0.000141	0.000028	0.999831
68	V	X	0.000121	0.000030	0.999850
69	W	X	0.000109	0.000022	0.999868
70	T	X	0.000110	0.000011	0.999878
