# Name=Parent_mRNA.Tenebrio_molitor_scaffold_16.256.1
# pos	aa	SP	CS	OTHER
1	M	X	0.021668	0.000003	0.978329
2	K	X	0.021639	0.000005	0.978356
3	A	X	0.021620	0.000002	0.978378
4	P	X	0.021603	0.000002	0.978395
5	L	X	0.021588	0.000003	0.978410
6	K	X	0.021571	0.000006	0.978423
7	T	X	0.021544	0.000016	0.978440
8	S	X	0.021504	0.000031	0.978465
9	Q	X	0.021459	0.000036	0.978504
10	S	X	0.021345	0.000107	0.978548
11	N	X	0.021241	0.000099	0.978660
12	S	X	0.020980	0.000255	0.978764
13	P	X	0.020341	0.000635	0.979024
14	L	X	0.019826	0.000511	0.979663
15	P	X	0.019182	0.000641	0.980177
16	F	X	0.018384	0.000796	0.980820
17	I	X	0.017752	0.000630	0.981619
18	T	X	0.017001	0.000749	0.982250
19	F	X	0.016410	0.000590	0.983000
20	T	X	0.015386	0.001023	0.983591
21	T	X	0.014322	0.001064	0.984615
22	S	X	0.013147	0.001174	0.985678
23	S	X	0.012481	0.000666	0.986852
24	P	X	0.010937	0.001545	0.987517
25	K	X	0.010147	0.000792	0.989061
26	K	X	0.009194	0.000956	0.989850
27	I	X	0.008444	0.000753	0.990804
28	T	X	0.007537	0.000909	0.991553
29	S	X	0.005788	0.001753	0.992459
30	S	X	0.004166	0.001626	0.994208
31	C	X	0.003337	0.000833	0.995831
32	F	X	0.002753	0.000587	0.996660
33	T	X	0.002145	0.000611	0.997243
34	Y	X	0.001803	0.000346	0.997851
35	L	X	0.001708	0.000100	0.998192
