# Name=Parent_mRNA.Tenebrio_molitor_scaffold_7.1536.1
# pos	aa	SP	CS	OTHER
1	M	S	0.976219	0.000002	0.023779
2	A	S	0.976237	0.000007	0.023756
3	F	S	0.976260	0.000005	0.023734
4	K	S	0.976273	0.000015	0.023713
5	T	S	0.976291	0.000014	0.023695
6	C	S	0.976301	0.000022	0.023677
7	A	S	0.976300	0.000034	0.023666
8	F	S	0.976284	0.000052	0.023664
9	T	S	0.976266	0.000057	0.023676
10	K	S	0.976220	0.000085	0.023695
11	N	S	0.976209	0.000053	0.023738
12	W	S	0.976200	0.000051	0.023749
13	L	S	0.976148	0.000095	0.023756
14	V	S	0.976149	0.000049	0.023802
15	I	S	0.976145	0.000048	0.023807
16	A	S	0.975942	0.000242	0.023816
17	V	S	0.975888	0.000091	0.024020
18	I	S	0.975689	0.000227	0.024085
19	V	S	0.975365	0.000343	0.024291
20	M	S	0.973109	0.002264	0.024627
21	C	S	0.958489	0.014618	0.026893
22	L	S	0.952073	0.006402	0.041525
23	C	C	0.657518	0.294505	0.047977
24	T	X	0.593607	0.063848	0.342544
25	E	X	0.517336	0.076180	0.406484
26	Y	X	0.490989	0.026273	0.482738
27	Y	X	0.485511	0.005412	0.509077
28	C	X	0.302773	0.182661	0.514566
29	Q	X	0.294032	0.008702	0.697266
30	C	X	0.065036	0.228989	0.705975
31	T	X	0.057955	0.007074	0.934971
32	G	X	0.039600	0.018359	0.942041
33	G	X	0.015346	0.024262	0.960392
34	A	X	0.006042	0.009305	0.984653
35	D	X	0.004344	0.001699	0.993958
36	C	X	0.001889	0.002457	0.995654
37	T	X	0.001428	0.000461	0.998111
38	S	X	0.001044	0.000386	0.998570
39	C	X	0.000798	0.000249	0.998953
40	T	X	0.000624	0.000177	0.999199
41	A	X	0.000432	0.000196	0.999373
42	A	X	0.000206	0.000228	0.999566
43	C	X	0.000122	0.000086	0.999792
44	T	X	0.000104	0.000019	0.999877
45	G	X	0.000070	0.000036	0.999895
46	C	X	0.000055	0.000017	0.999929
47	G	X	0.000051	0.000005	0.999944
48	N	X	0.000048	0.000006	0.999946
49	C	X	0.000046	0.000004	0.999950
50	P	X	0.000045	0.000005	0.999950
51	N	X	0.000038	0.000012	0.999950
52	A	X	0.000031	0.000012	0.999957
53	A	X	0.000028	0.000006	0.999966
54	T	X	0.000026	0.000006	0.999968
55	C	X	0.000022	0.000008	0.999970
56	T	X	0.000022	0.000003	0.999975
57	D	X	0.000021	0.000005	0.999973
58	S	X	0.000019	0.000007	0.999974
59	Q	X	0.000019	0.000004	0.999977
60	N	X	0.000020	0.000004	0.999976
61	C	X	0.000020	0.000005	0.999976
62	V	X	0.000022	0.000003	0.999975
63	K	X	0.000020	0.000008	0.999972
64	A	X	0.000015	0.000012	0.999973
65	V	X	0.000016	0.000003	0.999981
66	T	X	0.000014	0.000005	0.999981
67	C	X	0.000012	0.000006	0.999982
68	T	X	0.000011	0.000004	0.999985
69	G	X	0.000009	0.000005	0.999985
70	S	X	0.000012	0.000002	0.999987
