# Name=Parent_mRNA.Tenebrio_molitor_scaffold_7.1526.1
# pos	aa	SP	CS	OTHER
1	M	S	0.963200	0.000003	0.036797
2	A	S	0.963231	0.000009	0.036760
3	F	S	0.963260	0.000006	0.036734
4	K	S	0.963289	0.000007	0.036704
5	M	S	0.963324	0.000006	0.036671
6	G	S	0.963354	0.000009	0.036637
7	D	S	0.963388	0.000009	0.036604
8	F	S	0.963409	0.000021	0.036570
9	T	S	0.963407	0.000047	0.036546
10	K	S	0.963396	0.000059	0.036545
11	N	S	0.963356	0.000092	0.036552
12	W	S	0.963295	0.000115	0.036590
13	F	S	0.963200	0.000152	0.036648
14	L	S	0.963182	0.000079	0.036739
15	I	S	0.963167	0.000074	0.036759
16	A	S	0.963057	0.000164	0.036779
17	V	S	0.963013	0.000095	0.036893
18	I	S	0.962865	0.000188	0.036948
19	V	S	0.962632	0.000264	0.037104
20	M	S	0.961059	0.001591	0.037350
21	C	S	0.953764	0.007302	0.038933
22	L	S	0.948911	0.004852	0.046237
23	C	S	0.784001	0.164879	0.051120
24	T	S	0.734069	0.049889	0.216041
25	E	S	0.674976	0.059023	0.266001
26	Y	S	0.652731	0.022188	0.325082
27	Y	S	0.646781	0.005896	0.347323
28	C	S	0.452712	0.194000	0.353287
29	Q	S	0.442609	0.010073	0.547318
30	C	C	0.081313	0.361302	0.557385
31	T	X	0.070676	0.010633	0.918692
32	G	X	0.031647	0.039037	0.929316
33	G	X	0.008000	0.023654	0.968346
34	V	X	0.005950	0.002049	0.992001
35	D	X	0.004631	0.001321	0.994048
36	C	X	0.001384	0.003252	0.995364
37	T	X	0.000976	0.000408	0.998615
38	S	X	0.000672	0.000307	0.999021
39	C	X	0.000487	0.000187	0.999325
40	T	X	0.000345	0.000146	0.999509
41	A	X	0.000215	0.000135	0.999650
42	E	X	0.000150	0.000068	0.999782
43	C	X	0.000077	0.000077	0.999847
44	T	X	0.000063	0.000015	0.999922
45	G	X	0.000043	0.000022	0.999935
46	C	X	0.000035	0.000011	0.999955
47	G	X	0.000033	0.000003	0.999963
48	N	X	0.000032	0.000004	0.999964
49	C	X	0.000032	0.000003	0.999965
50	P	X	0.000032	0.000004	0.999964
51	N	X	0.000028	0.000009	0.999963
52	A	X	0.000024	0.000010	0.999966
53	A	X	0.000022	0.000005	0.999973
54	T	X	0.000021	0.000005	0.999974
55	C	X	0.000019	0.000007	0.999974
56	T	X	0.000019	0.000003	0.999978
57	D	X	0.000019	0.000005	0.999976
58	S	X	0.000018	0.000006	0.999975
59	Q	X	0.000019	0.000004	0.999977
60	N	X	0.000020	0.000004	0.999976
61	C	X	0.000021	0.000004	0.999974
62	V	X	0.000024	0.000003	0.999973
63	K	X	0.000024	0.000008	0.999967
64	A	X	0.000017	0.000016	0.999967
65	A	X	0.000017	0.000005	0.999978
66	T	X	0.000015	0.000006	0.999979
67	C	X	0.000013	0.000006	0.999981
68	T	X	0.000012	0.000004	0.999984
69	G	X	0.000010	0.000006	0.999984
70	S	X	0.000013	0.000002	0.999986
