# Name=Parent_mRNA.Tenebrio_molitor_scaffold_7.656.1
# pos	aa	SP	CS	OTHER
1	M	S	0.795777	0.000004	0.204220
2	R	S	0.795766	0.000008	0.204226
3	V	S	0.795764	0.000004	0.204232
4	P	S	0.795766	0.000003	0.204231
5	L	S	0.795767	0.000003	0.204230
6	I	S	0.795770	0.000002	0.204228
7	I	S	0.795771	0.000003	0.204226
8	C	S	0.795772	0.000002	0.204226
9	V	S	0.795770	0.000003	0.204227
10	V	S	0.795757	0.000010	0.204233
11	L	S	0.795731	0.000020	0.204249
12	H	S	0.795668	0.000055	0.204277
13	F	S	0.795560	0.000098	0.204343
14	L	S	0.795111	0.000433	0.204456
15	V	S	0.793592	0.001494	0.204914
16	Q	S	0.790456	0.003105	0.206440
17	V	S	0.775143	0.015275	0.209582
18	V	S	0.773476	0.001634	0.224890
19	L	S	0.750872	0.022558	0.226570
20	T	C	0.135714	0.615121	0.249165
21	E	X	0.124936	0.010765	0.864299
22	R	X	0.046874	0.078051	0.875075
23	Y	X	0.043859	0.003008	0.953133
24	L	X	0.040327	0.003528	0.956145
25	F	X	0.037521	0.002806	0.959674
26	A	X	0.016591	0.020932	0.962476
27	V	X	0.014478	0.002114	0.983408
28	G	X	0.009182	0.005299	0.985519
29	K	X	0.008057	0.001129	0.990815
30	V	X	0.007620	0.000441	0.991939
31	W	X	0.007112	0.000514	0.992374
32	F	X	0.006376	0.000744	0.992880
33	K	X	0.005747	0.000638	0.993614
34	T	X	0.005272	0.000486	0.994242
35	K	X	0.004702	0.000581	0.994717
36	S	X	0.004146	0.000568	0.995286
37	R	X	0.003620	0.000537	0.995842
38	K	X	0.003146	0.000485	0.996369
39	S	X	0.002748	0.000409	0.996843
40	V	X	0.002451	0.000306	0.997243
41	K	X	0.002151	0.000308	0.997540
42	D	X	0.001940	0.000220	0.997840
43	V	X	0.001820	0.000128	0.998051
44	T	X	0.001690	0.000139	0.998170
45	Y	X	0.001530	0.000171	0.998299
46	R	X	0.001367	0.000175	0.998458
47	N	X	0.001225	0.000153	0.998623
48	V	X	0.001095	0.000141	0.998765
49	A	X	0.000973	0.000131	0.998895
50	Y	X	0.000883	0.000100	0.999017
51	I	X	0.000812	0.000080	0.999108
52	D	X	0.000745	0.000076	0.999179
53	Q	X	0.000680	0.000075	0.999245
54	H	X	0.000614	0.000075	0.999311
55	L	X	0.000561	0.000062	0.999377
56	F	X	0.000519	0.000051	0.999430
57	P	X	0.000470	0.000058	0.999473
58	N	X	0.000424	0.000054	0.999522
59	V	X	0.000387	0.000047	0.999567
60	V	X	0.000360	0.000036	0.999604
61	N	X	0.000320	0.000050	0.999629
62	I	X	0.000285	0.000046	0.999669
63	R	X	0.000248	0.000047	0.999705
64	V	X	0.000224	0.000033	0.999743
65	W	X	0.000191	0.000042	0.999767
66	T	X	0.000154	0.000046	0.999800
67	K	X	0.000124	0.000036	0.999840
68	Q	X	0.000093	0.000037	0.999870
69	M	X	0.000069	0.000029	0.999902
70	R	X	0.000066	0.000009	0.999925
