# Name=Parent_mRNA.Tenebrio_molitor_scaffold_7.1524.1
# pos	aa	SP	CS	OTHER
1	M	S	0.980722	0.000002	0.019275
2	A	S	0.980742	0.000006	0.019252
3	F	S	0.980768	0.000005	0.019228
4	K	S	0.980788	0.000009	0.019203
5	T	S	0.980810	0.000009	0.019180
6	C	S	0.980829	0.000014	0.019156
7	A	S	0.980840	0.000024	0.019137
8	F	S	0.980843	0.000034	0.019123
9	R	S	0.980846	0.000039	0.019115
10	K	S	0.980844	0.000044	0.019113
11	N	S	0.980862	0.000030	0.019108
12	W	S	0.980880	0.000029	0.019091
13	L	S	0.980877	0.000052	0.019071
14	V	S	0.980900	0.000029	0.019071
15	I	S	0.980915	0.000032	0.019053
16	A	S	0.980812	0.000145	0.019043
17	V	S	0.980782	0.000069	0.019149
18	I	S	0.980649	0.000163	0.019188
19	V	S	0.980429	0.000242	0.019328
20	M	S	0.978622	0.001818	0.019560
21	C	S	0.968099	0.010525	0.021376
22	L	S	0.960976	0.007112	0.031912
23	C	S	0.703420	0.257511	0.039069
24	T	S	0.647928	0.055431	0.296641
25	E	S	0.582601	0.065233	0.352166
26	Y	S	0.554387	0.028132	0.417480
27	N	S	0.545654	0.008655	0.445691
28	C	C	0.115773	0.429796	0.454432
29	Q	X	0.104856	0.010864	0.884280
30	L	X	0.073657	0.031172	0.895171
31	C	X	0.054202	0.019447	0.926351
32	T	X	0.048050	0.006150	0.945800
33	E	X	0.043622	0.004434	0.951944
34	G	X	0.002971	0.040664	0.956365
35	G	X	0.001817	0.001153	0.997029
36	D	X	0.001332	0.000486	0.998182
37	C	X	0.000740	0.000594	0.998666
38	S	X	0.000562	0.000179	0.999258
39	G	X	0.000393	0.000171	0.999435
40	C	X	0.000301	0.000095	0.999604
41	A	X	0.000262	0.000042	0.999697
42	N	X	0.000221	0.000043	0.999736
43	C	X	0.000198	0.000027	0.999775
44	P	X	0.000179	0.000022	0.999799
45	N	X	0.000144	0.000040	0.999815
46	A	X	0.000124	0.000025	0.999851
47	R	X	0.000107	0.000021	0.999872
48	T	X	0.000094	0.000017	0.999889
49	C	X	0.000087	0.000010	0.999903
50	H	X	0.000078	0.000013	0.999908
51	G	X	0.000066	0.000017	0.999916
52	S	X	0.000058	0.000013	0.999929
53	A	X	0.000053	0.000010	0.999937
54	N	X	0.000049	0.000008	0.999943
55	C	X	0.000042	0.000011	0.999947
56	I	X	0.000041	0.000006	0.999954
57	N	X	0.000035	0.000011	0.999954
58	A	X	0.000027	0.000013	0.999960
59	V	X	0.000026	0.000003	0.999970
60	T	X	0.000024	0.000005	0.999970
61	C	X	0.000022	0.000006	0.999972
62	T	X	0.000021	0.000004	0.999975
63	G	X	0.000019	0.000006	0.999974
64	S	X	0.000018	0.000005	0.999976
65	T	X	0.000019	0.000003	0.999978
66	N	X	0.000018	0.000005	0.999977
67	C	X	0.000015	0.000007	0.999977
68	N	X	0.000014	0.000006	0.999980
69	R	X	0.000010	0.000008	0.999981
70	A	X	0.000013	0.000002	0.999985
