# Name=Parent_mRNA.Tenebrio_molitor_scaffold_7.1446.1
# pos	aa	SP	CS	OTHER
1	M	X	0.006762	0.000002	0.993236
2	N	X	0.006740	0.000005	0.993255
3	N	X	0.006720	0.000010	0.993271
4	N	X	0.006693	0.000017	0.993289
5	L	X	0.006665	0.000021	0.993315
6	L	X	0.006626	0.000032	0.993342
7	D	X	0.006607	0.000013	0.993381
8	L	X	0.006590	0.000011	0.993399
9	P	X	0.006571	0.000015	0.993414
10	F	X	0.006547	0.000020	0.993433
11	F	X	0.006515	0.000028	0.993457
12	T	X	0.006466	0.000047	0.993488
13	D	X	0.006435	0.000028	0.993536
14	K	X	0.006269	0.000165	0.993566
15	A	X	0.006043	0.000226	0.993731
16	W	X	0.005855	0.000188	0.993957
17	F	X	0.005554	0.000302	0.994144
18	H	X	0.005443	0.000112	0.994445
19	L	X	0.005241	0.000204	0.994555
20	S	X	0.005074	0.000169	0.994756
21	G	X	0.004816	0.000261	0.994923
22	H	X	0.004593	0.000226	0.995181
23	V	X	0.004411	0.000186	0.995403
24	N	X	0.004267	0.000149	0.995584
25	S	X	0.001331	0.002945	0.995724
26	Q	X	0.001188	0.000145	0.998667
27	N	X	0.001026	0.000165	0.998809
28	M	X	0.000927	0.000102	0.998971
29	R	X	0.000805	0.000125	0.999070
30	M	X	0.000724	0.000084	0.999192
31	W	X	0.000661	0.000066	0.999273
32	S	X	0.000505	0.000160	0.999335
33	A	X	0.000416	0.000092	0.999492
34	E	X	0.000344	0.000074	0.999582
35	N	X	0.000289	0.000057	0.999654
36	P	X	0.000235	0.000057	0.999709
37	H	X	0.000168	0.000069	0.999763
38	F	X	0.000119	0.000052	0.999830
39	L	X	0.000115	0.000007	0.999878
