# Name=Parent_mRNA.Tenebrio_molitor_scaffold_7.884.1
# pos	aa	SP	CS	OTHER
1	M	S	0.994228	0.000001	0.005771
2	R	S	0.994239	0.000004	0.005757
3	S	S	0.994254	0.000002	0.005744
4	L	S	0.994271	0.000001	0.005728
5	V	S	0.994287	0.000001	0.005712
6	I	S	0.994302	0.000001	0.005697
7	L	S	0.994317	0.000000	0.005683
8	F	S	0.994329	0.000000	0.005670
9	I	S	0.994339	0.000001	0.005660
10	V	S	0.994345	0.000001	0.005654
11	V	S	0.994336	0.000012	0.005652
12	A	S	0.994096	0.000240	0.005663
13	S	S	0.993110	0.000985	0.005905
14	V	S	0.992073	0.001035	0.006891
15	R	S	0.990433	0.001634	0.007933
16	G	C	0.064361	0.926058	0.009581
17	A	X	0.037268	0.027126	0.935606
18	E	X	0.031934	0.005333	0.962733
19	I	X	0.025089	0.006847	0.968064
20	G	X	0.021585	0.003509	0.974906
21	S	X	0.010835	0.010757	0.978408
22	R	X	0.008215	0.002625	0.989160
23	R	X	0.006427	0.001793	0.991781
24	Y	X	0.005701	0.000730	0.993569
25	Y	X	0.005355	0.000350	0.994295
26	P	X	0.004980	0.000382	0.994638
27	R	X	0.004524	0.000465	0.995011
28	I	X	0.004265	0.000269	0.995467
29	I	X	0.003965	0.000310	0.995725
30	G	X	0.003482	0.000494	0.996023
31	A	X	0.003033	0.000462	0.996505
32	H	X	0.002747	0.000297	0.996956
33	L	X	0.002418	0.000340	0.997242
34	S	X	0.002138	0.000290	0.997571
35	T	X	0.001889	0.000259	0.997852
36	D	X	0.001710	0.000189	0.998102
37	I	X	0.001547	0.000172	0.998281
38	S	X	0.001385	0.000171	0.998443
39	T	X	0.001222	0.000173	0.998605
40	G	X	0.001058	0.000173	0.998768
41	S	X	0.000968	0.000099	0.998933
42	P	X	0.000891	0.000085	0.999024
43	P	X	0.000795	0.000105	0.999100
44	F	X	0.000724	0.000080	0.999196
45	S	X	0.000658	0.000075	0.999267
46	T	X	0.000590	0.000077	0.999333
47	T	X	0.000534	0.000065	0.999401
48	D	X	0.000486	0.000057	0.999457
49	S	X	0.000435	0.000061	0.999504
50	Y	X	0.000395	0.000048	0.999556
51	T	X	0.000356	0.000048	0.999596
52	D	X	0.000329	0.000036	0.999635
53	S	X	0.000295	0.000043	0.999661
54	T	X	0.000268	0.000037	0.999695
55	V	X	0.000251	0.000026	0.999723
56	E	X	0.000233	0.000027	0.999739
57	P	X	0.000206	0.000038	0.999756
58	S	X	0.000183	0.000034	0.999783
59	A	X	0.000162	0.000030	0.999808
60	Y	X	0.000152	0.000018	0.999830
61	P	X	0.000133	0.000027	0.999840
62	T	X	0.000122	0.000018	0.999860
63	T	X	0.000109	0.000020	0.999871
64	A	X	0.000092	0.000024	0.999884
65	S	X	0.000077	0.000021	0.999902
66	Y	X	0.000065	0.000017	0.999917
67	P	X	0.000051	0.000019	0.999929
68	D	X	0.000039	0.000017	0.999944
69	S	X	0.000031	0.000012	0.999957
70	T	X	0.000032	0.000004	0.999964
