# Name=Parent_mRNA.Tenebrio_molitor_scaffold_7.1508.1
# pos	aa	SP	CS	OTHER
1	M	S	0.977833	0.000002	0.022165
2	A	S	0.977850	0.000007	0.022142
3	F	S	0.977874	0.000005	0.022120
4	K	S	0.977887	0.000015	0.022098
5	T	S	0.977906	0.000014	0.022081
6	C	S	0.977916	0.000022	0.022062
7	A	S	0.977915	0.000035	0.022051
8	F	S	0.977898	0.000053	0.022049
9	T	S	0.977879	0.000059	0.022062
10	K	S	0.977831	0.000088	0.022082
11	N	S	0.977817	0.000055	0.022127
12	W	S	0.977806	0.000054	0.022140
13	L	S	0.977751	0.000100	0.022149
14	V	S	0.977750	0.000051	0.022199
15	I	S	0.977746	0.000049	0.022205
16	A	S	0.977537	0.000248	0.022215
17	V	S	0.977481	0.000094	0.022425
18	I	S	0.977277	0.000231	0.022492
19	V	S	0.976951	0.000347	0.022703
20	M	S	0.974719	0.002240	0.023041
21	C	S	0.960150	0.014567	0.025283
22	L	S	0.953823	0.006313	0.039864
23	C	C	0.661380	0.292395	0.046225
24	T	X	0.598094	0.063224	0.338682
25	E	X	0.521131	0.076873	0.401996
26	Y	X	0.494448	0.026609	0.478943
27	Y	X	0.488913	0.005470	0.505617
28	C	X	0.303320	0.185518	0.511162
29	Q	X	0.294627	0.008655	0.696718
30	C	X	0.066780	0.227841	0.705379
31	T	X	0.059776	0.006998	0.933226
32	G	X	0.041482	0.018298	0.940220
33	G	X	0.016198	0.025294	0.958508
34	A	X	0.006150	0.010050	0.983800
35	D	X	0.004473	0.001678	0.993849
36	C	X	0.001846	0.002630	0.995524
37	T	X	0.001385	0.000462	0.998153
38	S	X	0.000974	0.000413	0.998614
39	C	X	0.000679	0.000296	0.999024
40	T	X	0.000541	0.000140	0.999319
41	V	X	0.000452	0.000091	0.999457
42	A	X	0.000254	0.000201	0.999546
43	C	X	0.000143	0.000112	0.999744
44	T	X	0.000123	0.000022	0.999855
45	G	X	0.000080	0.000044	0.999875
46	C	X	0.000061	0.000021	0.999918
47	G	X	0.000057	0.000006	0.999937
48	N	X	0.000053	0.000006	0.999941
49	C	X	0.000051	0.000005	0.999944
50	P	X	0.000048	0.000006	0.999945
51	N	X	0.000040	0.000013	0.999947
52	A	X	0.000033	0.000010	0.999956
53	V	X	0.000033	0.000003	0.999964
54	T	X	0.000030	0.000006	0.999964
55	C	X	0.000025	0.000009	0.999966
56	T	X	0.000025	0.000004	0.999971
57	D	X	0.000024	0.000006	0.999971
58	S	X	0.000021	0.000007	0.999972
59	Q	X	0.000021	0.000004	0.999975
60	N	X	0.000020	0.000005	0.999975
61	C	X	0.000020	0.000005	0.999976
62	V	X	0.000022	0.000003	0.999975
63	N	X	0.000020	0.000008	0.999972
64	A	X	0.000014	0.000013	0.999972
65	V	X	0.000015	0.000003	0.999982
66	T	X	0.000014	0.000005	0.999981
67	C	X	0.000012	0.000006	0.999982
68	T	X	0.000011	0.000004	0.999985
69	G	X	0.000009	0.000005	0.999985
70	S	X	0.000012	0.000002	0.999987
