# Name=Parent_mRNA.Tenebrio_molitor_scaffold_7.339.1
# pos	aa	SP	CS	OTHER
1	E	S	0.891872	0.000002	0.108126
2	A	S	0.891875	0.000014	0.108111
3	S	S	0.891881	0.000011	0.108108
4	V	S	0.891889	0.000011	0.108100
5	F	S	0.891891	0.000017	0.108092
6	L	S	0.891893	0.000019	0.108088
7	I	S	0.891905	0.000011	0.108084
8	K	S	0.891916	0.000012	0.108072
9	L	S	0.891918	0.000019	0.108063
10	F	S	0.891918	0.000020	0.108062
11	L	S	0.891893	0.000042	0.108065
12	V	S	0.891851	0.000056	0.108093
13	G	S	0.891590	0.000267	0.108143
14	A	S	0.889865	0.001725	0.108411
15	V	S	0.887967	0.001890	0.110142
16	G	S	0.838198	0.049746	0.112056
17	G	S	0.624691	0.213488	0.161821
18	V	S	0.607892	0.016793	0.375315
19	T	S	0.577111	0.030764	0.392125
20	V	S	0.523489	0.053609	0.422903
21	L	S	0.495537	0.027944	0.476518
22	Q	S	0.283916	0.211617	0.504467
23	S	C	0.041541	0.242397	0.716063
24	E	X	0.030203	0.011326	0.958471
25	D	X	0.025006	0.005189	0.969805
26	P	X	0.018649	0.006352	0.974999
27	S	X	0.013594	0.005052	0.981354
28	Y	X	0.010842	0.002750	0.986409
29	F	X	0.007494	0.003347	0.989158
30	Q	X	0.005442	0.002052	0.992506
31	Y	X	0.004245	0.001198	0.994557
32	F	X	0.003817	0.000429	0.995754
33	P	X	0.003327	0.000492	0.996181
34	P	X	0.002738	0.000592	0.996670
35	T	X	0.002446	0.000296	0.997258
36	N	X	0.002194	0.000256	0.997550
37	Y	X	0.001929	0.000271	0.997800
38	D	X	0.001740	0.000195	0.998065
39	N	X	0.001559	0.000188	0.998253
40	L	X	0.001409	0.000157	0.998434
41	Q	X	0.001273	0.000145	0.998582
42	Y	X	0.001158	0.000125	0.998717
43	L	X	0.001053	0.000115	0.998832
44	H	X	0.000941	0.000124	0.998935
45	S	X	0.000783	0.000171	0.999047
46	A	X	0.000625	0.000169	0.999206
47	A	X	0.000469	0.000166	0.999365
48	N	X	0.000396	0.000080	0.999524
49	Y	X	0.000323	0.000080	0.999598
50	I	X	0.000280	0.000049	0.999671
51	T	X	0.000256	0.000031	0.999714
52	N	X	0.000230	0.000033	0.999737
53	P	X	0.000202	0.000037	0.999761
54	V	X	0.000186	0.000024	0.999790
55	V	X	0.000177	0.000017	0.999806
56	G	X	0.000165	0.000022	0.999814
57	N	X	0.000149	0.000026	0.999826
58	Y	X	0.000136	0.000022	0.999842
59	E	X	0.000128	0.000018	0.999854
60	V	X	0.000125	0.000013	0.999862
61	V	X	0.000122	0.000013	0.999866
62	P	X	0.000112	0.000020	0.999867
63	S	X	0.000102	0.000021	0.999877
64	K	X	0.000094	0.000017	0.999889
65	K	X	0.000083	0.000021	0.999897
66	L	X	0.000072	0.000018	0.999910
67	D	X	0.000062	0.000017	0.999921
68	Y	X	0.000051	0.000018	0.999931
69	G	X	0.000040	0.000016	0.999944
70	E	X	0.000041	0.000005	0.999954
