# Name=Parent_mRNA.Tenebrio_molitor_scaffold_7.649.1
# pos	aa	SP	CS	OTHER
1	M	X	0.043133	0.000003	0.956864
2	S	X	0.043085	0.000019	0.956896
3	A	X	0.043041	0.000024	0.956935
4	K	X	0.042972	0.000051	0.956977
5	R	X	0.042919	0.000037	0.957044
6	H	X	0.042884	0.000021	0.957096
7	F	X	0.042838	0.000033	0.957129
8	L	X	0.042766	0.000060	0.957174
9	S	X	0.042670	0.000085	0.957246
10	W	X	0.042559	0.000100	0.957341
11	I	X	0.042482	0.000067	0.957452
12	Q	X	0.042430	0.000043	0.957527
13	Y	X	0.042372	0.000049	0.957579
14	F	X	0.042335	0.000029	0.957637
15	F	X	0.042283	0.000044	0.957674
16	S	X	0.042069	0.000204	0.957727
17	T	X	0.041793	0.000265	0.957942
18	V	X	0.041201	0.000580	0.958220
19	G	X	0.031698	0.009488	0.958814
20	N	X	0.021899	0.009785	0.968317
21	L	X	0.014973	0.006915	0.978113
22	K	X	0.012065	0.002899	0.985036
23	N	X	0.007855	0.004204	0.987941
24	N	X	0.006373	0.001478	0.992149
25	Q	X	0.005225	0.001145	0.993630
26	N	X	0.003512	0.001711	0.994777
27	Q	X	0.002958	0.000554	0.996489
28	T	X	0.001901	0.001056	0.997042
29	Q	X	0.001693	0.000209	0.998099
30	I	X	0.001464	0.000229	0.998307
31	Q	X	0.001294	0.000170	0.998535
32	N	X	0.000932	0.000364	0.998704
33	L	X	0.000825	0.000108	0.999067
34	T	X	0.000747	0.000080	0.999173
35	F	X	0.000669	0.000079	0.999252
36	L	X	0.000587	0.000085	0.999329
37	K	X	0.000528	0.000061	0.999411
38	P	X	0.000468	0.000062	0.999470
39	R	X	0.000401	0.000070	0.999529
40	W	X	0.000360	0.000042	0.999597
41	R	X	0.000306	0.000057	0.999637
42	H	X	0.000273	0.000035	0.999692
43	N	X	0.000235	0.000041	0.999724
44	F	X	0.000215	0.000022	0.999763
45	N	X	0.000192	0.000025	0.999782
46	C	X	0.000176	0.000019	0.999805
47	S	X	0.000165	0.000014	0.999821
48	P	X	0.000152	0.000016	0.999832
49	R	X	0.000138	0.000018	0.999845
50	T	X	0.000128	0.000012	0.999859
51	L	X	0.000122	0.000010	0.999869
52	I	X	0.000115	0.000010	0.999875
53	T	X	0.000109	0.000009	0.999881
54	R	X	0.000102	0.000011	0.999887
55	L	X	0.000096	0.000009	0.999895
56	H	X	0.000092	0.000008	0.999900
57	Y	X	0.000087	0.000009	0.999904
58	I	X	0.000084	0.000007	0.999909
59	E	X	0.000079	0.000010	0.999911
60	A	X	0.000060	0.000025	0.999915
61	F	X	0.000055	0.000008	0.999937
62	Y	X	0.000050	0.000008	0.999942
63	F	X	0.000046	0.000007	0.999946
64	F	X	0.000043	0.000006	0.999951
65	H	X	0.000039	0.000007	0.999954
66	Y	X	0.000034	0.000008	0.999958
67	Y	X	0.000030	0.000007	0.999963
68	H	X	0.000025	0.000007	0.999968
69	K	X	0.000021	0.000006	0.999972
70	Q	X	0.000023	0.000001	0.999976
