# Name=Parent_mRNA.Tenebrio_molitor_scaffold_7.1299.1
# pos	aa	SP	CS	OTHER
1	F	S	0.748208	0.000007	0.251785
2	Q	S	0.748177	0.000020	0.251803
3	F	S	0.748153	0.000016	0.251830
4	V	S	0.748136	0.000010	0.251855
5	A	S	0.748113	0.000016	0.251871
6	F	S	0.748093	0.000014	0.251892
7	A	S	0.748036	0.000050	0.251914
8	A	S	0.747992	0.000038	0.251970
9	L	S	0.747934	0.000051	0.252016
10	F	S	0.747856	0.000067	0.252077
11	T	S	0.747734	0.000108	0.252158
12	V	S	0.747457	0.000255	0.252287
13	A	S	0.745744	0.001684	0.252573
14	R	S	0.740443	0.005258	0.254300
15	A	C	0.499508	0.240876	0.259616
16	G	X	0.491946	0.007546	0.500508
17	I	X	0.469831	0.022079	0.508090
18	A	X	0.398900	0.070900	0.530200
19	S	X	0.353981	0.044900	0.601119
20	Y	X	0.336198	0.017768	0.646034
21	A	X	0.211156	0.125031	0.663813
22	A	X	0.191622	0.019526	0.788852
23	A	X	0.175382	0.016234	0.808384
24	P	X	0.157105	0.018272	0.824623
25	A	X	0.142499	0.014602	0.842899
26	L	X	0.133832	0.008666	0.857501
27	S	X	0.121914	0.011920	0.866166
28	Y	X	0.110279	0.011640	0.878081
29	A	X	0.093411	0.016875	0.889714
30	A	X	0.082612	0.010804	0.906584
31	A	X	0.074100	0.008516	0.917383
32	P	X	0.063947	0.010158	0.925895
33	A	X	0.056353	0.007599	0.936048
34	V	X	0.052975	0.003382	0.943643
35	S	X	0.049245	0.003737	0.947018
36	Y	X	0.046395	0.002859	0.950746
37	H	X	0.043350	0.003056	0.953594
38	A	X	0.040699	0.002663	0.956638
39	P	X	0.038331	0.002381	0.959288
40	I	X	0.035712	0.002635	0.961653
41	A	X	0.033316	0.002413	0.964270
42	R	X	0.030494	0.002842	0.966663
43	A	X	0.027681	0.002835	0.969483
44	V	X	0.025462	0.002242	0.972297
45	A	X	0.023295	0.002184	0.974521
46	P	X	0.021159	0.002152	0.976688
47	A	X	0.019261	0.001914	0.978825
48	I	X	0.018169	0.001107	0.980724
49	S	X	0.016796	0.001389	0.981815
50	Y	X	0.015381	0.001433	0.983186
51	A	X	0.013860	0.001542	0.984598
52	A	X	0.012952	0.000927	0.986122
53	P	X	0.011938	0.001032	0.987031
54	I	X	0.010914	0.001043	0.988043
55	A	X	0.009974	0.000960	0.989066
56	R	X	0.008961	0.001035	0.990004
57	A	X	0.007907	0.001077	0.991015
58	V	X	0.007046	0.000882	0.992072
59	A	X	0.006213	0.000849	0.992938
60	P	X	0.005437	0.000791	0.993772
61	V	X	0.004783	0.000670	0.994548
62	A	X	0.004247	0.000551	0.995202
63	Y	X	0.003611	0.000653	0.995736
64	A	X	0.002784	0.000847	0.996368
65	A	X	0.002322	0.000472	0.997206
66	P	X	0.001851	0.000480	0.997669
67	V	X	0.001391	0.000468	0.998140
68	A	X	0.000966	0.000433	0.998601
69	K	X	0.000665	0.000309	0.999026
70	A	X	0.000605	0.000068	0.999326
