# Name=Parent_mRNA.Tenebrio_molitor_scaffold_7.1525.1
# pos	aa	SP	CS	OTHER
1	M	S	0.987225	0.000002	0.012773
2	A	S	0.987243	0.000005	0.012752
3	F	S	0.987264	0.000004	0.012732
4	K	S	0.987285	0.000005	0.012710
5	M	S	0.987307	0.000005	0.012689
6	C	S	0.987326	0.000008	0.012666
7	G	S	0.987346	0.000010	0.012645
8	F	S	0.987365	0.000012	0.012623
9	T	S	0.987378	0.000019	0.012603
10	K	S	0.987386	0.000025	0.012589
11	N	S	0.987393	0.000029	0.012578
12	W	S	0.987401	0.000028	0.012571
13	L	S	0.987383	0.000056	0.012561
14	L	S	0.987395	0.000028	0.012577
15	I	S	0.987399	0.000033	0.012568
16	A	S	0.987350	0.000080	0.012569
17	V	S	0.987324	0.000055	0.012622
18	I	S	0.987209	0.000134	0.012656
19	V	S	0.986995	0.000228	0.012777
20	M	S	0.985328	0.001670	0.013001
21	C	S	0.973769	0.011555	0.014676
22	L	S	0.968259	0.005494	0.026247
23	C	C	0.678055	0.290154	0.031790
24	T	X	0.616101	0.061894	0.322006
25	E	X	0.540732	0.075279	0.383989
26	Y	X	0.516194	0.024465	0.459342
27	Y	X	0.511058	0.005070	0.483873
28	C	X	0.325730	0.185248	0.489021
29	Q	X	0.316989	0.008702	0.674310
30	C	X	0.069787	0.247189	0.683024
31	T	X	0.062474	0.007305	0.930221
32	G	X	0.042779	0.019695	0.937525
33	G	X	0.015819	0.026966	0.957215
34	A	X	0.005404	0.010415	0.984181
35	D	X	0.003830	0.001574	0.994596
36	C	X	0.001382	0.002450	0.996169
37	T	X	0.000992	0.000390	0.998618
38	S	X	0.000669	0.000323	0.999007
39	C	X	0.000452	0.000218	0.999329
40	T	X	0.000358	0.000095	0.999546
41	T	X	0.000283	0.000077	0.999640
42	A	X	0.000140	0.000144	0.999715
43	C	X	0.000084	0.000058	0.999858
44	T	X	0.000072	0.000013	0.999916
45	G	X	0.000046	0.000027	0.999927
46	C	X	0.000034	0.000013	0.999953
47	G	X	0.000032	0.000003	0.999965
48	N	X	0.000030	0.000004	0.999967
49	C	X	0.000028	0.000003	0.999969
50	P	X	0.000027	0.000004	0.999969
51	N	X	0.000022	0.000009	0.999970
52	A	X	0.000018	0.000007	0.999975
53	G	X	0.000017	0.000003	0.999980
54	T	X	0.000016	0.000003	0.999981
55	C	X	0.000015	0.000004	0.999981
56	T	X	0.000016	0.000002	0.999982
57	D	X	0.000015	0.000004	0.999980
58	S	X	0.000014	0.000005	0.999980
59	Q	X	0.000015	0.000003	0.999982
60	N	X	0.000015	0.000003	0.999981
61	C	X	0.000016	0.000003	0.999980
62	I	X	0.000019	0.000003	0.999979
63	K	X	0.000018	0.000006	0.999975
64	A	X	0.000014	0.000011	0.999976
65	A	X	0.000014	0.000004	0.999982
66	T	X	0.000012	0.000005	0.999983
67	C	X	0.000010	0.000005	0.999985
68	T	X	0.000010	0.000004	0.999987
69	G	X	0.000008	0.000005	0.999987
70	S	X	0.000010	0.000001	0.999989
