# Name=Parent_mRNA.Tenebrio_molitor_scaffold_7.1514.1
# pos	aa	SP	CS	OTHER
1	M	S	0.959464	0.000003	0.040533
2	A	S	0.959470	0.000018	0.040512
3	F	S	0.959489	0.000009	0.040502
4	I	S	0.959471	0.000045	0.040484
5	T	S	0.959448	0.000053	0.040499
6	C	S	0.959310	0.000167	0.040523
7	A	S	0.959150	0.000197	0.040653
8	F	S	0.958983	0.000207	0.040810
9	T	S	0.958799	0.000225	0.040976
10	K	S	0.958390	0.000449	0.041161
11	N	S	0.958269	0.000166	0.041565
12	W	S	0.958157	0.000158	0.041685
13	L	S	0.957944	0.000258	0.041798
14	V	S	0.957885	0.000116	0.041999
15	I	S	0.957782	0.000152	0.042066
16	A	S	0.957056	0.000769	0.042174
17	V	S	0.956878	0.000226	0.042896
18	I	S	0.956424	0.000488	0.043087
19	V	S	0.955863	0.000589	0.043549
20	M	S	0.952131	0.003744	0.044125
21	C	S	0.920874	0.031257	0.047869
22	L	S	0.913401	0.007462	0.079138
23	C	C	0.520344	0.393013	0.086643
24	T	X	0.451634	0.068651	0.479716
25	E	X	0.372750	0.078804	0.548446
26	Y	X	0.343522	0.029167	0.627311
27	Y	X	0.338911	0.004565	0.656524
28	C	X	0.190054	0.148809	0.661136
29	Q	X	0.183930	0.006105	0.809965
30	C	X	0.029958	0.153986	0.816056
31	T	X	0.024653	0.005303	0.970044
32	G	X	0.009252	0.015407	0.975341
33	G	X	0.003817	0.005437	0.990746
34	T	X	0.002782	0.001034	0.996184
35	Y	X	0.002053	0.000730	0.997217
36	C	X	0.001038	0.001017	0.997945
37	T	X	0.000881	0.000159	0.998961
38	N	X	0.000701	0.000182	0.999117
39	C	X	0.000547	0.000157	0.999296
40	T	X	0.000412	0.000138	0.999450
41	A	X	0.000313	0.000102	0.999585
42	G	X	0.000148	0.000167	0.999684
43	C	X	0.000099	0.000051	0.999850
44	T	X	0.000091	0.000010	0.999899
45	G	X	0.000071	0.000023	0.999906
46	C	X	0.000060	0.000013	0.999927
47	G	X	0.000059	0.000003	0.999938
48	N	X	0.000056	0.000006	0.999938
49	C	X	0.000053	0.000008	0.999939
50	A	X	0.000052	0.000006	0.999942
51	N	X	0.000044	0.000015	0.999941
52	A	X	0.000029	0.000022	0.999948
53	L	X	0.000027	0.000005	0.999968
54	T	X	0.000022	0.000008	0.999970
55	C	X	0.000019	0.000008	0.999974
56	T	X	0.000019	0.000003	0.999978
57	D	X	0.000018	0.000004	0.999977
58	S	X	0.000017	0.000005	0.999977
59	G	X	0.000018	0.000003	0.999979
60	N	X	0.000019	0.000003	0.999977
61	C	X	0.000020	0.000005	0.999975
62	V	X	0.000023	0.000003	0.999974
63	N	X	0.000023	0.000007	0.999970
64	A	X	0.000018	0.000013	0.999969
65	L	X	0.000019	0.000004	0.999977
66	T	X	0.000018	0.000006	0.999976
67	C	X	0.000015	0.000007	0.999978
68	T	X	0.000014	0.000005	0.999981
69	R	X	0.000011	0.000008	0.999981
70	S	X	0.000013	0.000002	0.999985
