# Name=Parent_mRNA.Tenebrio_molitor_scaffold_7.1153.1
# pos	aa	SP	CS	OTHER
1	M	S	0.942599	0.000002	0.057399
2	N	S	0.942622	0.000002	0.057376
3	Y	S	0.942646	0.000001	0.057352
4	C	S	0.942671	0.000001	0.057328
5	A	S	0.942694	0.000002	0.057304
6	I	S	0.942719	0.000002	0.057279
7	V	S	0.942746	0.000001	0.057253
8	L	S	0.942769	0.000002	0.057229
9	V	S	0.942791	0.000002	0.057208
10	L	S	0.942805	0.000003	0.057191
11	V	S	0.942811	0.000007	0.057182
12	T	S	0.942795	0.000024	0.057181
13	I	S	0.942725	0.000074	0.057201
14	F	S	0.942585	0.000141	0.057274
15	K	S	0.942177	0.000408	0.057415
16	Q	S	0.941809	0.000369	0.057822
17	L	S	0.941589	0.000219	0.058192
18	C	S	0.930790	0.010787	0.058424
19	C	C	0.122089	0.808681	0.069230
20	Q	X	0.030671	0.091445	0.877884
21	H	X	0.013176	0.017487	0.969337
22	F	X	0.009214	0.003957	0.986829
23	D	X	0.008296	0.000916	0.990789
24	N	X	0.007220	0.001075	0.991705
25	I	X	0.006700	0.000521	0.992779
26	D	X	0.006181	0.000521	0.993298
27	I	X	0.005818	0.000366	0.993816
28	R	X	0.005146	0.000676	0.994178
29	F	X	0.004671	0.000480	0.994849
30	V	X	0.004203	0.000474	0.995323
31	K	X	0.003804	0.000405	0.995791
32	N	X	0.003464	0.000347	0.996189
33	D	X	0.003186	0.000285	0.996529
34	K	X	0.002913	0.000281	0.996806
35	R	X	0.002659	0.000263	0.997078
36	F	X	0.002463	0.000204	0.997332
37	V	X	0.002269	0.000204	0.997527
38	M	X	0.002109	0.000170	0.997720
39	E	X	0.001933	0.000188	0.997879
40	L	X	0.001765	0.000180	0.998055
41	A	X	0.001605	0.000173	0.998222
42	N	X	0.001478	0.000138	0.998384
43	E	X	0.001360	0.000129	0.998511
44	I	X	0.001255	0.000117	0.998628
45	N	X	0.001148	0.000119	0.998733
46	R	X	0.001045	0.000116	0.998839
47	E	X	0.000960	0.000097	0.998943
48	T	X	0.000879	0.000091	0.999030
49	E	X	0.000811	0.000078	0.999111
50	V	X	0.000746	0.000074	0.999180
51	T	X	0.000685	0.000071	0.999244
52	D	X	0.000629	0.000066	0.999305
53	V	X	0.000581	0.000058	0.999361
54	R	X	0.000532	0.000060	0.999408
55	I	X	0.000491	0.000051	0.999458
56	L	X	0.000451	0.000050	0.999498
57	Y	X	0.000413	0.000049	0.999538
58	Q	X	0.000377	0.000047	0.999575
59	N	X	0.000344	0.000045	0.999611
60	V	X	0.000312	0.000043	0.999644
61	S	X	0.000282	0.000042	0.999676
62	R	X	0.000250	0.000045	0.999705
63	L	X	0.000220	0.000042	0.999739
64	K	X	0.000189	0.000040	0.999771
65	E	X	0.000160	0.000037	0.999803
66	D	X	0.000132	0.000035	0.999833
67	S	X	0.000103	0.000035	0.999862
68	F	X	0.000076	0.000033	0.999891
69	K	X	0.000052	0.000028	0.999920
70	N	X	0.000049	0.000007	0.999944
