# Name=Parent_mRNA.Tenebrio_molitor_scaffold_7.1678.1
# pos	aa	SP	CS	OTHER
1	D	X	0.018981	0.000002	0.981016
2	T	X	0.018952	0.000002	0.981045
3	R	X	0.018932	0.000002	0.981066
4	N	X	0.018914	0.000001	0.981085
5	H	X	0.018898	0.000001	0.981101
6	V	X	0.018883	0.000000	0.981117
7	R	X	0.018868	0.000001	0.981131
8	S	X	0.018851	0.000004	0.981145
9	C	X	0.018834	0.000005	0.981161
10	L	X	0.018818	0.000005	0.981177
11	I	X	0.018800	0.000008	0.981192
12	C	X	0.018780	0.000011	0.981209
13	A	X	0.018753	0.000019	0.981228
14	T	X	0.018732	0.000016	0.981253
15	T	X	0.018698	0.000030	0.981272
16	K	X	0.018662	0.000034	0.981304
17	R	X	0.018541	0.000121	0.981338
18	G	X	0.018495	0.000048	0.981458
19	P	X	0.018432	0.000065	0.981504
20	V	X	0.018380	0.000054	0.981566
21	Q	X	0.018205	0.000178	0.981618
22	A	X	0.003357	0.014851	0.981792
23	A	X	0.002376	0.000983	0.996641
24	A	X	0.002170	0.000207	0.997623
25	P	X	0.001949	0.000222	0.997829
26	L	X	0.001790	0.000160	0.998050
27	R	X	0.001571	0.000220	0.998209
28	A	X	0.001235	0.000337	0.998427
29	H	X	0.001115	0.000121	0.998764
30	T	X	0.001034	0.000081	0.998885
31	P	X	0.000921	0.000114	0.998965
32	Q	X	0.000830	0.000092	0.999078
33	Q	X	0.000789	0.000042	0.999169
34	P	X	0.000731	0.000060	0.999210
35	W	X	0.000688	0.000044	0.999268
36	Q	X	0.000649	0.000040	0.999311
37	T	X	0.000613	0.000038	0.999349
38	I	X	0.000574	0.000041	0.999386
39	A	X	0.000517	0.000059	0.999424
40	I	X	0.000487	0.000032	0.999481
41	D	X	0.000466	0.000023	0.999511
42	F	X	0.000438	0.000030	0.999532
43	M	X	0.000412	0.000028	0.999560
44	G	X	0.000393	0.000020	0.999586
45	P	X	0.000367	0.000028	0.999605
46	Y	X	0.000346	0.000023	0.999631
47	E	X	0.000327	0.000021	0.999652
48	V	X	0.000313	0.000016	0.999671
49	T	X	0.000297	0.000018	0.999684
50	P	X	0.000279	0.000021	0.999700
51	E	X	0.000263	0.000018	0.999719
52	G	X	0.000245	0.000020	0.999734
53	K	X	0.000229	0.000019	0.999752
54	R	X	0.000214	0.000018	0.999768
55	Y	X	0.000200	0.000016	0.999784
56	L	X	0.000187	0.000016	0.999797
57	L	X	0.000175	0.000015	0.999810
58	V	X	0.000163	0.000014	0.999822
59	V	X	0.000152	0.000014	0.999834
60	T	X	0.000141	0.000014	0.999845
61	D	X	0.000132	0.000012	0.999856
62	L	X	0.000122	0.000013	0.999865
63	F	X	0.000113	0.000013	0.999875
64	S	X	0.000102	0.000013	0.999884
65	R	X	0.000094	0.000011	0.999895
66	W	X	0.000087	0.000010	0.999903
67	V	X	0.000081	0.000009	0.999910
68	E	X	0.000075	0.000009	0.999916
69	A	X	0.000021	0.000059	0.999920
70	F	X	0.000023	0.000001	0.999977
