# Name=Parent_mRNA.Tenebrio_molitor_scaffold_7.1531.1
# pos	aa	SP	CS	OTHER
1	M	S	0.983502	0.000002	0.016496
2	A	S	0.983523	0.000006	0.016472
3	F	S	0.983549	0.000004	0.016446
4	K	S	0.983568	0.000011	0.016422
5	T	S	0.983592	0.000010	0.016398
6	C	S	0.983610	0.000015	0.016375
7	A	S	0.983622	0.000023	0.016354
8	F	S	0.983625	0.000035	0.016340
9	T	S	0.983634	0.000033	0.016333
10	K	S	0.983630	0.000045	0.016325
11	N	S	0.983645	0.000029	0.016327
12	W	S	0.983660	0.000029	0.016311
13	L	S	0.983653	0.000053	0.016294
14	V	S	0.983676	0.000027	0.016297
15	I	S	0.983690	0.000031	0.016279
16	A	S	0.983570	0.000160	0.016270
17	V	S	0.983543	0.000064	0.016393
18	I	S	0.983413	0.000157	0.016431
19	V	S	0.983193	0.000239	0.016568
20	M	S	0.981481	0.001720	0.016799
21	C	S	0.968340	0.013139	0.018521
22	L	S	0.962621	0.005706	0.031673
23	C	S	0.652726	0.309848	0.037426
24	T	S	0.598737	0.053933	0.347329
25	E	S	0.539606	0.059049	0.401345
26	Y	S	0.512491	0.027046	0.460463
27	N	S	0.502836	0.009594	0.487570
28	C	S	0.406031	0.096738	0.497232
29	H	S	0.401157	0.004846	0.593997
30	C	C	0.048644	0.352515	0.598841
31	T	X	0.043072	0.005566	0.951362
32	G	X	0.028063	0.015013	0.956924
33	G	X	0.008725	0.019345	0.971931
34	A	X	0.002960	0.005767	0.991274
35	D	X	0.002016	0.000944	0.997040
36	C	X	0.000763	0.001256	0.997982
37	T	X	0.000555	0.000208	0.999237
38	S	X	0.000397	0.000159	0.999444
39	C	X	0.000292	0.000107	0.999601
40	T	X	0.000234	0.000060	0.999707
41	G	X	0.000168	0.000068	0.999764
42	A	X	0.000104	0.000065	0.999831
43	C	X	0.000080	0.000026	0.999895
44	T	X	0.000070	0.000011	0.999919
45	G	X	0.000053	0.000019	0.999928
46	C	X	0.000042	0.000012	0.999945
47	A	X	0.000039	0.000005	0.999956
48	N	X	0.000036	0.000007	0.999958
49	C	X	0.000034	0.000005	0.999961
50	P	X	0.000033	0.000004	0.999963
51	N	X	0.000029	0.000009	0.999962
52	A	X	0.000027	0.000007	0.999966
53	R	X	0.000025	0.000006	0.999969
54	T	X	0.000023	0.000005	0.999972
55	C	X	0.000023	0.000003	0.999974
56	V	X	0.000024	0.000003	0.999973
57	G	X	0.000023	0.000007	0.999970
58	S	X	0.000022	0.000007	0.999971
59	R	X	0.000022	0.000005	0.999973
60	N	X	0.000021	0.000006	0.999973
61	C	X	0.000021	0.000005	0.999974
62	I	X	0.000022	0.000004	0.999975
63	N	X	0.000021	0.000007	0.999972
64	A	X	0.000017	0.000010	0.999973
65	L	X	0.000016	0.000004	0.999979
66	T	X	0.000014	0.000006	0.999980
67	C	X	0.000012	0.000005	0.999983
68	T	X	0.000011	0.000004	0.999985
69	G	X	0.000009	0.000005	0.999986
70	S	X	0.000011	0.000001	0.999987
