# Name=Parent_mRNA.Tenebrio_molitor_scaffold_7.1523.1
# pos	aa	SP	CS	OTHER
1	M	S	0.991220	0.000002	0.008779
2	A	S	0.991238	0.000004	0.008757
3	F	S	0.991260	0.000004	0.008736
4	K	S	0.991280	0.000005	0.008715
5	T	S	0.991302	0.000006	0.008693
6	C	S	0.991323	0.000007	0.008670
7	S	S	0.991343	0.000009	0.008647
8	F	S	0.991363	0.000011	0.008625
9	T	S	0.991383	0.000013	0.008604
10	K	S	0.991397	0.000018	0.008585
11	I	S	0.991420	0.000012	0.008568
12	W	S	0.991443	0.000012	0.008544
13	L	S	0.991458	0.000021	0.008521
14	I	S	0.991481	0.000011	0.008508
15	I	S	0.991491	0.000019	0.008490
16	A	S	0.991444	0.000070	0.008486
17	V	S	0.991413	0.000051	0.008536
18	I	S	0.991271	0.000155	0.008573
19	V	S	0.990987	0.000293	0.008720
20	M	S	0.988868	0.002119	0.009014
21	C	S	0.963460	0.025398	0.011141
22	L	S	0.957140	0.006301	0.036559
23	C	C	0.524348	0.432741	0.042911
24	T	X	0.457609	0.066683	0.475708
25	E	X	0.376859	0.080672	0.542469
26	Y	X	0.349500	0.027297	0.623202
27	Y	X	0.345102	0.004347	0.650552
28	C	X	0.189621	0.155423	0.654956
29	Q	X	0.183349	0.006244	0.810407
30	C	X	0.032636	0.150706	0.816658
31	T	X	0.028020	0.004610	0.967370
32	G	X	0.016655	0.011364	0.971980
33	G	X	0.009384	0.007272	0.983344
34	T	X	0.007410	0.001973	0.990617
35	D	X	0.006309	0.001102	0.992589
36	F	X	0.004747	0.001564	0.993690
37	T	X	0.003709	0.001038	0.995253
38	S	X	0.002642	0.001068	0.996289
39	C	X	0.001946	0.000698	0.997356
40	T	X	0.001503	0.000445	0.998052
41	A	X	0.001107	0.000399	0.998495
42	G	X	0.000550	0.000558	0.998892
43	C	X	0.000344	0.000207	0.999449
44	T	X	0.000304	0.000041	0.999655
45	G	X	0.000196	0.000109	0.999695
46	C	X	0.000138	0.000059	0.999802
47	G	X	0.000126	0.000013	0.999860
48	N	X	0.000115	0.000013	0.999872
49	C	X	0.000106	0.000011	0.999883
50	P	X	0.000095	0.000013	0.999892
51	N	X	0.000081	0.000017	0.999903
52	T	X	0.000068	0.000015	0.999917
53	A	X	0.000062	0.000009	0.999929
54	T	X	0.000051	0.000013	0.999936
55	C	X	0.000042	0.000013	0.999946
56	T	X	0.000040	0.000005	0.999955
57	D	X	0.000036	0.000007	0.999957
58	S	X	0.000031	0.000009	0.999960
59	Q	X	0.000029	0.000005	0.999966
60	N	X	0.000028	0.000005	0.999967
61	C	X	0.000027	0.000005	0.999968
62	V	X	0.000028	0.000004	0.999969
63	K	X	0.000025	0.000008	0.999966
64	A	X	0.000019	0.000012	0.999968
65	V	X	0.000019	0.000003	0.999977
66	T	X	0.000017	0.000005	0.999977
67	C	X	0.000014	0.000007	0.999979
68	T	X	0.000013	0.000005	0.999983
69	G	X	0.000010	0.000006	0.999984
70	S	X	0.000012	0.000002	0.999986
