# Name=Parent_mRNA.Tenebrio_molitor_scaffold_18.27.1
# pos	aa	SP	CS	OTHER
1	A	X	0.159174	0.000007	0.840819
2	K	X	0.159122	0.000012	0.840866
3	H	X	0.159085	0.000005	0.840909
4	Q	X	0.159056	0.000002	0.840942
5	T	X	0.159029	0.000001	0.840970
6	T	X	0.158999	0.000004	0.840997
7	A	X	0.158971	0.000005	0.841024
8	W	X	0.158945	0.000005	0.841050
9	F	X	0.158920	0.000006	0.841074
10	I	X	0.158898	0.000003	0.841099
11	I	X	0.158876	0.000003	0.841121
12	I	X	0.158852	0.000004	0.841144
13	M	X	0.158824	0.000009	0.841167
14	H	X	0.158795	0.000012	0.841193
15	K	X	0.158745	0.000036	0.841218
16	W	X	0.158695	0.000039	0.841266
17	F	X	0.158618	0.000067	0.841316
18	K	X	0.158422	0.000185	0.841393
19	L	X	0.158099	0.000311	0.841590
20	M	X	0.157537	0.000546	0.841916
21	S	X	0.127873	0.029645	0.842482
22	S	X	0.118236	0.009628	0.872136
23	R	X	0.111640	0.006591	0.881769
24	C	X	0.031092	0.080552	0.888357
25	Q	X	0.028990	0.002101	0.968909
26	K	X	0.022796	0.006194	0.971009
27	L	X	0.021736	0.001063	0.977201
28	A	X	0.019562	0.002178	0.978259
29	F	X	0.018004	0.001564	0.980432
30	A	X	0.010309	0.007704	0.981987
31	Y	X	0.008944	0.001370	0.989686
32	A	X	0.005408	0.003546	0.991046
33	N	X	0.004799	0.000613	0.994589
34	Q	X	0.004103	0.000700	0.995197
35	E	X	0.003695	0.000412	0.995893
36	E	X	0.003309	0.000389	0.996301
37	Y	X	0.002981	0.000332	0.996686
38	E	X	0.002700	0.000286	0.997014
39	N	X	0.002457	0.000247	0.997296
40	T	X	0.002227	0.000235	0.997538
41	I	X	0.002042	0.000190	0.997768
42	R	X	0.001856	0.000191	0.997953
43	F	X	0.001704	0.000157	0.998138
44	F	X	0.001588	0.000121	0.998290
45	H	X	0.001460	0.000134	0.998406
46	S	X	0.001325	0.000142	0.998533
47	F	X	0.001210	0.000121	0.998669
48	I	X	0.001128	0.000088	0.998784
49	N	X	0.001063	0.000071	0.998865
50	I	X	0.001004	0.000066	0.998930
51	I	X	0.000948	0.000064	0.998988
52	R	X	0.000876	0.000081	0.999044
53	N	X	0.000807	0.000077	0.999116
54	I	X	0.000754	0.000060	0.999185
55	T	X	0.000705	0.000058	0.999237
56	L	X	0.000643	0.000071	0.999286
57	S	X	0.000573	0.000079	0.999348
58	D	X	0.000513	0.000069	0.999418
59	K	X	0.000447	0.000075	0.999478
60	A	X	0.000385	0.000071	0.999544
61	W	X	0.000351	0.000041	0.999608
62	K	X	0.000323	0.000035	0.999642
63	P	X	0.000288	0.000042	0.999670
64	F	X	0.000261	0.000034	0.999705
65	Q	X	0.000233	0.000034	0.999733
66	T	X	0.000200	0.000039	0.999761
67	G	X	0.000169	0.000038	0.999793
68	L	X	0.000138	0.000037	0.999825
69	L	X	0.000111	0.000034	0.999855
70	L	X	0.000105	0.000013	0.999881
