# Name=Parent_mRNA.Tenebrio_molitor_scaffold_15.75.1
# pos	aa	SP	CS	OTHER
1	M	S	0.971216	0.000003	0.028781
2	K	S	0.971230	0.000006	0.028764
3	N	S	0.971250	0.000004	0.028747
4	F	S	0.971273	0.000001	0.028725
5	H	S	0.971295	0.000001	0.028704
6	H	S	0.971315	0.000001	0.028684
7	I	S	0.971335	0.000002	0.028662
8	S	S	0.971354	0.000003	0.028642
9	I	S	0.971372	0.000008	0.028620
10	W	S	0.971385	0.000011	0.028604
11	L	S	0.971404	0.000003	0.028593
12	T	S	0.971419	0.000004	0.028577
13	V	S	0.971420	0.000013	0.028567
14	C	S	0.971389	0.000043	0.028568
15	F	S	0.971316	0.000081	0.028603
16	I	S	0.971019	0.000301	0.028681
17	V	S	0.970428	0.000589	0.028983
18	F	S	0.964992	0.005419	0.029589
19	A	C	0.248269	0.716684	0.035047
20	K	X	0.240813	0.007435	0.751752
21	P	X	0.061696	0.179088	0.759216
22	E	X	0.058369	0.003305	0.938326
23	K	X	0.050040	0.008306	0.941654
24	C	X	0.029321	0.020700	0.949979
25	T	X	0.022437	0.006871	0.970692
26	Y	X	0.015350	0.007079	0.977571
27	N	X	0.011408	0.003938	0.984654
28	E	X	0.010187	0.001220	0.988594
29	F	X	0.009123	0.001064	0.989813
30	P	X	0.007932	0.001193	0.990874
31	E	X	0.006931	0.001004	0.992064
32	S	X	0.006170	0.000765	0.993065
33	H	X	0.005647	0.000528	0.993825
34	Y	X	0.004846	0.000808	0.994346
35	S	X	0.004228	0.000626	0.995146
36	R	X	0.003626	0.000609	0.995765
37	K	X	0.003061	0.000573	0.996366
38	V	X	0.002726	0.000343	0.996931
39	I	X	0.002452	0.000281	0.997266
40	Q	X	0.001980	0.000482	0.997538
41	A	X	0.001376	0.000614	0.998010
42	E	X	0.001171	0.000210	0.998619
43	I	X	0.001052	0.000123	0.998825
44	V	X	0.000944	0.000113	0.998943
45	C	X	0.000800	0.000149	0.999050
46	L	X	0.000719	0.000088	0.999194
47	N	X	0.000654	0.000071	0.999275
48	V	X	0.000623	0.000038	0.999339
49	P	X	0.000557	0.000075	0.999369
50	R	X	0.000483	0.000082	0.999435
51	D	X	0.000429	0.000062	0.999509
52	L	X	0.000379	0.000057	0.999564
53	L	X	0.000337	0.000048	0.999614
54	I	X	0.000307	0.000036	0.999656
55	T	X	0.000279	0.000034	0.999687
56	T	X	0.000258	0.000027	0.999715
57	I	X	0.000248	0.000016	0.999736
58	Y	X	0.000235	0.000020	0.999744
59	F	X	0.000216	0.000028	0.999755
60	V	X	0.000198	0.000027	0.999775
61	E	X	0.000184	0.000023	0.999793
62	K	X	0.000167	0.000025	0.999807
63	P	X	0.000152	0.000023	0.999825
64	Y	X	0.000139	0.000021	0.999840
65	P	X	0.000125	0.000022	0.999853
66	Q	X	0.000112	0.000021	0.999867
67	D	X	0.000101	0.000018	0.999881
68	V	X	0.000089	0.000019	0.999892
69	I	X	0.000078	0.000018	0.999904
70	I	X	0.000078	0.000011	0.999910
