# Name=Parent_mRNA.Tenebrio_molitor_scaffold_7.362.1
# pos	aa	SP	CS	OTHER
1	M	S	0.991917	0.000001	0.008082
2	I	S	0.991938	0.000002	0.008060
3	P	S	0.991957	0.000003	0.008040
4	F	S	0.991979	0.000001	0.008019
5	L	S	0.992000	0.000001	0.007999
6	L	S	0.992018	0.000001	0.007980
7	M	S	0.992035	0.000002	0.007964
8	V	S	0.992042	0.000007	0.007951
9	A	S	0.992034	0.000019	0.007946
10	F	S	0.991913	0.000128	0.007959
11	A	S	0.988453	0.003463	0.008084
12	D	S	0.988227	0.000236	0.011538
13	T	S	0.984530	0.003700	0.011771
14	V	S	0.984145	0.000388	0.015466
15	L	S	0.982006	0.002138	0.015856
16	Q	S	0.946814	0.035189	0.017997
17	V	S	0.942551	0.004275	0.053174
18	S	S	0.927720	0.014832	0.057448
19	A	C	0.151993	0.775734	0.072273
20	Q	X	0.136577	0.015450	0.847973
21	S	X	0.008795	0.127812	0.863392
22	Q	X	0.006756	0.002038	0.991206
23	P	X	0.004508	0.002247	0.993245
24	S	X	0.002890	0.001618	0.995492
25	C	X	0.002216	0.000674	0.997110
26	D	X	0.001783	0.000434	0.997783
27	S	X	0.001182	0.000603	0.998215
28	K	X	0.000864	0.000319	0.998817
29	V	X	0.000788	0.000077	0.999135
30	Y	X	0.000688	0.000102	0.999210
31	C	X	0.000560	0.000131	0.999309
32	Q	X	0.000504	0.000059	0.999437
33	G	X	0.000436	0.000072	0.999493
34	K	X	0.000386	0.000053	0.999561
35	L	X	0.000355	0.000035	0.999610
36	L	X	0.000326	0.000033	0.999640
37	H	X	0.000303	0.000028	0.999669
38	V	X	0.000283	0.000026	0.999692
39	V	X	0.000274	0.000014	0.999712
40	E	X	0.000259	0.000022	0.999719
41	M	X	0.000234	0.000033	0.999733
42	S	X	0.000217	0.000025	0.999758
43	R	X	0.000198	0.000026	0.999776
44	I	X	0.000186	0.000019	0.999795
45	F	X	0.000173	0.000020	0.999807
46	N	X	0.000162	0.000018	0.999820
47	D	X	0.000153	0.000017	0.999830
48	S	X	0.000143	0.000018	0.999839
49	K	X	0.000134	0.000017	0.999849
50	T	X	0.000127	0.000014	0.999859
51	F	X	0.000121	0.000014	0.999865
52	V	X	0.000118	0.000011	0.999871
53	E	X	0.000115	0.000012	0.999873
54	L	X	0.000111	0.000013	0.999876
55	K	X	0.000106	0.000014	0.999880
56	M	X	0.000102	0.000014	0.999885
57	I	X	0.000098	0.000013	0.999889
58	N	X	0.000093	0.000014	0.999892
59	D	X	0.000088	0.000015	0.999897
60	E	X	0.000083	0.000015	0.999902
61	Q	X	0.000077	0.000015	0.999908
62	T	X	0.000073	0.000013	0.999915
63	T	X	0.000067	0.000013	0.999920
64	L	X	0.000061	0.000014	0.999925
65	E	X	0.000055	0.000014	0.999932
66	N	X	0.000047	0.000014	0.999939
67	F	X	0.000039	0.000013	0.999947
68	D	X	0.000032	0.000012	0.999956
69	N	X	0.000026	0.000010	0.999964
70	F	X	0.000027	0.000004	0.999969
