# Name=Parent_mRNA.Tenebrio_molitor_scaffold_14.75.1
# pos	aa	SP	CS	OTHER
1	M	X	0.029074	0.000002	0.970925
2	A	X	0.029046	0.000004	0.970950
3	R	X	0.029027	0.000004	0.970969
4	Y	X	0.029013	0.000002	0.970985
5	I	X	0.028999	0.000003	0.970998
6	A	X	0.028986	0.000003	0.971011
7	Q	X	0.028975	0.000002	0.971023
8	L	X	0.028965	0.000002	0.971033
9	I	X	0.028955	0.000002	0.971043
10	V	X	0.028944	0.000004	0.971051
11	A	X	0.028919	0.000019	0.971062
12	G	X	0.028846	0.000068	0.971086
13	T	X	0.028793	0.000049	0.971158
14	Q	X	0.028761	0.000029	0.971210
15	V	X	0.028725	0.000034	0.971241
16	I	X	0.028670	0.000054	0.971276
17	G	X	0.026524	0.002144	0.971331
18	R	X	0.026152	0.000373	0.973475
19	A	X	0.021558	0.004596	0.973845
20	F	X	0.021202	0.000361	0.978437
21	A	X	0.003828	0.017381	0.978790
22	R	X	0.003414	0.000417	0.996169
23	A	X	0.001690	0.001729	0.996581
24	I	X	0.001567	0.000125	0.998308
25	K	X	0.001402	0.000168	0.998429
26	Q	X	0.001287	0.000119	0.998594
27	E	X	0.001203	0.000088	0.998709
28	Y	X	0.001136	0.000071	0.998793
29	E	X	0.001061	0.000080	0.998860
30	A	X	0.000961	0.000104	0.998935
31	S	X	0.000899	0.000067	0.999034
32	Q	X	0.000827	0.000077	0.999096
33	Q	X	0.000759	0.000073	0.999168
34	A	X	0.000692	0.000072	0.999236
35	A	X	0.000638	0.000059	0.999303
36	Q	X	0.000590	0.000052	0.999358
37	R	X	0.000537	0.000058	0.999405
38	L	X	0.000501	0.000041	0.999458
39	G	X	0.000468	0.000038	0.999494
40	N	X	0.000434	0.000039	0.999526
41	A	X	0.000396	0.000043	0.999560
42	K	X	0.000367	0.000034	0.999598
43	T	X	0.000343	0.000030	0.999627
44	R	X	0.000316	0.000032	0.999652
45	T	X	0.000292	0.000030	0.999679
46	E	X	0.000277	0.000020	0.999703
47	R	X	0.000252	0.000030	0.999718
48	M	X	0.000233	0.000025	0.999742
49	A	X	0.000213	0.000025	0.999762
50	N	X	0.000197	0.000020	0.999783
51	Q	X	0.000182	0.000021	0.999798
52	K	X	0.000168	0.000019	0.999813
53	L	X	0.000157	0.000016	0.999828
54	G	X	0.000145	0.000016	0.999838
55	L	X	0.000135	0.000016	0.999849
56	S	X	0.000124	0.000017	0.999859
57	L	X	0.000114	0.000015	0.999871
58	E	X	0.000107	0.000013	0.999881
59	E	X	0.000099	0.000013	0.999888
60	A	X	0.000088	0.000016	0.999896
61	K	X	0.000080	0.000013	0.999907
62	Q	X	0.000071	0.000013	0.999916
63	I	X	0.000064	0.000011	0.999925
64	L	X	0.000057	0.000011	0.999932
65	N	X	0.000050	0.000010	0.999939
66	V	X	0.000044	0.000010	0.999946
67	T	X	0.000038	0.000009	0.999953
68	N	X	0.000031	0.000010	0.999959
69	L	X	0.000027	0.000006	0.999966
70	N	X	0.000029	0.000001	0.999970
