# Name=Parent_mRNA.Tenebrio_molitor_scaffold_7.1006.1
# pos	aa	SP	CS	OTHER
1	M	S	0.968229	0.000002	0.031768
2	K	S	0.968238	0.000004	0.031758
3	P	S	0.968248	0.000003	0.031750
4	A	S	0.968260	0.000001	0.031739
5	F	S	0.968271	0.000001	0.031728
6	A	S	0.968281	0.000002	0.031717
7	I	S	0.968294	0.000001	0.031705
8	V	S	0.968305	0.000001	0.031694
9	L	S	0.968314	0.000001	0.031685
10	I	S	0.968314	0.000006	0.031680
11	C	S	0.968309	0.000007	0.031684
12	I	S	0.968288	0.000018	0.031694
13	A	S	0.967904	0.000372	0.031724
14	S	S	0.967069	0.000816	0.032114
15	C	S	0.906325	0.060716	0.032958
16	A	S	0.846915	0.059393	0.093692
17	R	S	0.808483	0.038412	0.153106
18	V	S	0.734133	0.074334	0.191533
19	S	S	0.713587	0.020537	0.265876
20	F	S	0.625724	0.087849	0.286426
21	C	C	0.039501	0.586245	0.374254
22	Y	X	0.036241	0.003253	0.960506
23	P	X	0.017254	0.018984	0.963762
24	S	X	0.013751	0.003500	0.982749
25	K	X	0.012492	0.001258	0.986250
26	P	X	0.010524	0.001970	0.987507
27	L	X	0.008799	0.001727	0.989474
28	N	X	0.007632	0.001171	0.991198
29	E	X	0.006566	0.001070	0.992364
30	R	X	0.005094	0.001478	0.993428
31	S	X	0.004018	0.001081	0.994901
32	T	X	0.003394	0.000628	0.995978
33	E	X	0.003002	0.000396	0.996602
34	L	X	0.002677	0.000329	0.996993
35	V	X	0.002437	0.000245	0.997318
36	W	X	0.002190	0.000253	0.997557
37	E	X	0.001828	0.000369	0.997803
38	A	X	0.001624	0.000211	0.998165
39	W	X	0.001520	0.000110	0.998370
40	L	X	0.001366	0.000162	0.998472
41	L	X	0.001240	0.000135	0.998625
42	V	X	0.001117	0.000132	0.998751
43	D	X	0.001028	0.000098	0.998874
44	Q	X	0.000917	0.000121	0.998961
45	T	X	0.000851	0.000077	0.999073
46	N	X	0.000776	0.000085	0.999138
47	G	X	0.000695	0.000092	0.999212
48	K	X	0.000640	0.000066	0.999294
49	H	X	0.000590	0.000061	0.999349
50	D	X	0.000548	0.000054	0.999398
51	D	X	0.000511	0.000049	0.999440
52	V	X	0.000485	0.000039	0.999476
53	G	X	0.000455	0.000044	0.999501
54	M	X	0.000426	0.000046	0.999529
55	L	X	0.000397	0.000046	0.999557
56	R	X	0.000367	0.000048	0.999585
57	R	X	0.000333	0.000052	0.999615
58	R	X	0.000293	0.000057	0.999650
59	I	X	0.000267	0.000040	0.999694
60	T	X	0.000245	0.000031	0.999723
61	P	X	0.000221	0.000035	0.999744
62	K	X	0.000196	0.000036	0.999769
63	S	X	0.000176	0.000029	0.999795
64	V	X	0.000157	0.000029	0.999815
65	F	X	0.000136	0.000029	0.999835
66	I	X	0.000116	0.000028	0.999856
67	T	X	0.000099	0.000024	0.999877
68	P	X	0.000080	0.000026	0.999895
69	T	X	0.000066	0.000020	0.999914
70	F	X	0.000065	0.000009	0.999926
