# Name=Parent_mRNA.Tenebrio_molitor_scaffold_7.1658.1
# pos	aa	SP	CS	OTHER
1	M	S	0.994399	0.000001	0.005599
2	Y	S	0.994422	0.000003	0.005576
3	L	S	0.994446	0.000002	0.005552
4	C	S	0.994471	0.000001	0.005528
5	K	S	0.994495	0.000001	0.005504
6	I	S	0.994519	0.000001	0.005480
7	C	S	0.994543	0.000001	0.005455
8	F	S	0.994568	0.000001	0.005431
9	L	S	0.994592	0.000001	0.005407
10	F	S	0.994613	0.000000	0.005387
11	V	S	0.994629	0.000001	0.005370
12	V	S	0.994639	0.000003	0.005358
13	F	S	0.994639	0.000010	0.005350
14	Q	S	0.994621	0.000027	0.005352
15	T	S	0.994474	0.000154	0.005373
16	C	S	0.993854	0.000626	0.005521
17	S	S	0.972257	0.021594	0.006149
18	A	C	0.019781	0.952491	0.027727
19	N	X	0.010369	0.009430	0.980202
20	D	X	0.006188	0.004181	0.989631
21	D	X	0.005549	0.000641	0.993811
22	V	X	0.004999	0.000552	0.994449
23	L	X	0.004496	0.000506	0.994998
24	E	X	0.003931	0.000569	0.995500
25	L	X	0.003297	0.000639	0.996064
26	S	X	0.002822	0.000480	0.996698
27	D	X	0.002488	0.000339	0.997173
28	S	X	0.002130	0.000364	0.997506
29	D	X	0.001966	0.000170	0.997864
30	F	X	0.001779	0.000195	0.998026
31	S	X	0.001559	0.000228	0.998213
32	A	X	0.001359	0.000209	0.998432
33	R	X	0.001194	0.000174	0.998632
34	I	X	0.001048	0.000154	0.998798
35	A	X	0.000884	0.000172	0.998943
36	Q	X	0.000766	0.000127	0.999108
37	H	X	0.000672	0.000101	0.999227
38	E	X	0.000573	0.000107	0.999320
39	T	X	0.000475	0.000105	0.999420
40	A	X	0.000389	0.000092	0.999519
41	L	X	0.000321	0.000073	0.999605
42	V	X	0.000272	0.000054	0.999674
43	M	X	0.000227	0.000049	0.999724
44	F	X	0.000186	0.000044	0.999769
45	Y	X	0.000149	0.000041	0.999810
46	A	X	0.000129	0.000023	0.999848
47	P	X	0.000118	0.000014	0.999868
48	W	X	0.000104	0.000018	0.999878
49	C	X	0.000093	0.000015	0.999892
50	G	X	0.000093	0.000004	0.999903
51	H	X	0.000092	0.000007	0.999901
52	C	X	0.000087	0.000011	0.999902
53	K	X	0.000087	0.000008	0.999905
54	K	X	0.000085	0.000009	0.999906
55	L	X	0.000085	0.000008	0.999907
56	K	X	0.000083	0.000010	0.999907
57	P	X	0.000082	0.000009	0.999909
58	E	X	0.000081	0.000010	0.999909
59	F	X	0.000081	0.000009	0.999910
60	G	X	0.000081	0.000010	0.999909
61	K	X	0.000079	0.000012	0.999909
62	A	X	0.000076	0.000014	0.999910
63	S	X	0.000073	0.000013	0.999915
64	R	X	0.000067	0.000014	0.999918
65	D	X	0.000063	0.000013	0.999925
66	L	X	0.000056	0.000014	0.999930
67	M	X	0.000049	0.000014	0.999937
68	R	X	0.000041	0.000015	0.999945
69	T	X	0.000034	0.000012	0.999955
70	V	X	0.000034	0.000006	0.999960
