# Name=Parent_mRNA.Tenebrio_molitor_scaffold_7.928.1
# pos	aa	SP	CS	OTHER
1	M	X	0.268625	0.000016	0.731359
2	M	X	0.268528	0.000055	0.731417
3	I	X	0.268445	0.000049	0.731506
4	L	X	0.268386	0.000027	0.731587
5	P	X	0.268299	0.000056	0.731644
6	I	X	0.268231	0.000040	0.731729
7	L	X	0.268105	0.000099	0.731797
8	A	X	0.267764	0.000314	0.731922
9	Q	X	0.267607	0.000134	0.732259
10	W	X	0.267219	0.000367	0.732413
11	V	X	0.266940	0.000263	0.732797
12	K	X	0.266612	0.000314	0.733074
13	Y	X	0.264589	0.002006	0.733405
14	A	X	0.256365	0.008207	0.735428
15	V	X	0.255214	0.001138	0.743649
16	T	X	0.240745	0.014454	0.744801
17	V	X	0.238189	0.002548	0.759263
18	W	X	0.235685	0.002495	0.761819
19	T	X	0.184525	0.051154	0.764321
20	V	X	0.182000	0.002524	0.815476
21	K	X	0.175777	0.006219	0.818004
22	G	X	0.052154	0.123628	0.824217
23	V	X	0.048807	0.003342	0.947851
24	T	X	0.046871	0.001934	0.951195
25	P	X	0.040093	0.006780	0.953127
26	T	X	0.036167	0.003929	0.959904
27	A	X	0.032673	0.003498	0.963829
28	E	X	0.030493	0.002185	0.967322
29	I	X	0.028011	0.002490	0.969500
30	A	X	0.025228	0.002792	0.971980
31	A	X	0.020584	0.004655	0.974761
32	F	X	0.018098	0.002496	0.979406
33	A	X	0.012437	0.005676	0.981887
34	M	X	0.011204	0.001241	0.987554
35	N	X	0.009520	0.001695	0.988785
36	A	X	0.007579	0.001953	0.990468
37	A	X	0.006439	0.001150	0.992411
38	S	X	0.005554	0.000894	0.993552
39	L	X	0.004847	0.000716	0.994436
40	L	X	0.004111	0.000746	0.995143
41	S	X	0.003326	0.000795	0.995879
42	K	X	0.002676	0.000659	0.996665
43	D	X	0.002214	0.000469	0.997317
44	E	X	0.001801	0.000419	0.997780
45	K	X	0.001425	0.000382	0.998193
46	R	X	0.001120	0.000310	0.998570
47	F	X	0.000879	0.000246	0.998875
48	C	X	0.000704	0.000179	0.999117
49	D	X	0.000638	0.000070	0.999292
50	L	X	0.000598	0.000045	0.999358
51	N	X	0.000538	0.000066	0.999397
52	C	X	0.000485	0.000059	0.999456
53	N	X	0.000455	0.000037	0.999509
54	N	X	0.000423	0.000039	0.999538
55	F	X	0.000398	0.000034	0.999568
56	F	X	0.000371	0.000036	0.999593
57	I	X	0.000350	0.000031	0.999619
58	K	X	0.000327	0.000035	0.999638
59	L	X	0.000305	0.000034	0.999661
60	V	X	0.000288	0.000028	0.999684
61	N	X	0.000271	0.000030	0.999699
62	V	X	0.000254	0.000031	0.999715
63	V	X	0.000243	0.000025	0.999732
64	Q	X	0.000217	0.000042	0.999741
65	A	X	0.000187	0.000048	0.999765
66	R	X	0.000162	0.000039	0.999799
67	Q	X	0.000130	0.000045	0.999825
68	A	X	0.000102	0.000039	0.999859
69	E	X	0.000083	0.000029	0.999889
70	A	X	0.000078	0.000015	0.999907
