# Name=Parent_mRNA.Tenebrio_molitor_scaffold_7.1535.1
# pos	aa	SP	CS	OTHER
1	M	S	0.967911	0.000002	0.032087
2	A	S	0.967928	0.000008	0.032064
3	F	S	0.967951	0.000006	0.032043
4	K	S	0.967962	0.000017	0.032021
5	T	S	0.967981	0.000015	0.032004
6	C	S	0.967989	0.000024	0.031987
7	A	S	0.967985	0.000038	0.031977
8	F	S	0.967964	0.000058	0.031978
9	T	S	0.967937	0.000068	0.031996
10	K	S	0.967879	0.000098	0.032023
11	N	S	0.967856	0.000065	0.032078
12	W	S	0.967835	0.000065	0.032100
13	L	S	0.967763	0.000118	0.032119
14	V	S	0.967754	0.000059	0.032186
15	I	S	0.967740	0.000060	0.032200
16	A	S	0.967482	0.000298	0.032220
17	V	S	0.967405	0.000116	0.032479
18	I	S	0.967146	0.000287	0.032567
19	V	S	0.966732	0.000434	0.032834
20	M	S	0.963907	0.002832	0.033261
21	C	S	0.944674	0.019226	0.036100
22	L	S	0.936499	0.008152	0.055349
23	C	C	0.557395	0.379038	0.063567
24	T	X	0.473801	0.083509	0.442690
25	E	X	0.377132	0.096551	0.526317
26	Y	X	0.345931	0.031104	0.622965
27	Y	X	0.340354	0.005496	0.654150
28	C	X	0.200377	0.139894	0.659729
29	K	X	0.192815	0.007522	0.799664
30	C	X	0.063592	0.129209	0.807199
31	T	X	0.055720	0.007866	0.936414
32	G	X	0.036909	0.018814	0.944277
33	G	X	0.015051	0.021866	0.963084
34	A	X	0.006186	0.008866	0.984948
35	D	X	0.004493	0.001693	0.993814
36	C	X	0.002168	0.002328	0.995505
37	T	X	0.001701	0.000467	0.997832
38	S	X	0.001248	0.000455	0.998297
39	C	X	0.000967	0.000284	0.998749
40	T	X	0.000771	0.000199	0.999030
41	A	X	0.000545	0.000230	0.999225
42	A	X	0.000252	0.000296	0.999452
43	C	X	0.000149	0.000105	0.999746
44	T	X	0.000128	0.000022	0.999850
45	G	X	0.000085	0.000044	0.999871
46	C	X	0.000066	0.000021	0.999913
47	G	X	0.000062	0.000006	0.999932
48	N	X	0.000057	0.000007	0.999936
49	C	X	0.000055	0.000005	0.999940
50	P	X	0.000053	0.000006	0.999941
51	N	X	0.000044	0.000014	0.999942
52	A	X	0.000035	0.000014	0.999951
53	A	X	0.000032	0.000006	0.999962
54	T	X	0.000029	0.000007	0.999965
55	C	X	0.000025	0.000008	0.999967
56	T	X	0.000025	0.000003	0.999971
57	D	X	0.000024	0.000006	0.999970
58	S	X	0.000023	0.000007	0.999970
59	K	X	0.000023	0.000005	0.999972
60	N	X	0.000024	0.000004	0.999972
61	C	X	0.000024	0.000005	0.999971
62	L	X	0.000025	0.000005	0.999970
63	K	X	0.000022	0.000009	0.999968
64	A	X	0.000018	0.000011	0.999971
65	V	X	0.000018	0.000004	0.999978
66	T	X	0.000016	0.000006	0.999978
67	C	X	0.000014	0.000007	0.999980
68	T	X	0.000012	0.000005	0.999983
69	G	X	0.000010	0.000006	0.999984
70	S	X	0.000013	0.000002	0.999986
