# Name=Parent_mRNA.Tenebrio_molitor_scaffold_7.1510.1
# pos	aa	SP	CS	OTHER
1	M	S	0.981329	0.000002	0.018669
2	A	S	0.981344	0.000005	0.018652
3	F	S	0.981362	0.000004	0.018634
4	K	S	0.981379	0.000005	0.018616
5	T	S	0.981397	0.000005	0.018597
6	C	S	0.981413	0.000008	0.018578
7	A	S	0.981429	0.000010	0.018561
8	F	S	0.981445	0.000013	0.018541
9	A	S	0.981444	0.000030	0.018526
10	K	S	0.981445	0.000030	0.018525
11	N	S	0.981443	0.000035	0.018522
12	W	S	0.981443	0.000033	0.018524
13	L	S	0.981400	0.000076	0.018524
14	L	S	0.981401	0.000037	0.018562
15	I	S	0.981400	0.000035	0.018565
16	A	S	0.981360	0.000072	0.018569
17	V	S	0.981339	0.000049	0.018613
18	I	S	0.981244	0.000115	0.018641
19	V	S	0.981067	0.000191	0.018742
20	M	S	0.980075	0.000997	0.018927
21	C	S	0.974228	0.005848	0.019924
22	L	S	0.971368	0.002852	0.025780
23	C	C	0.735166	0.236168	0.028666
24	A	X	0.543664	0.191463	0.264873
25	Q	X	0.412847	0.130751	0.456402
26	Y	X	0.385264	0.027526	0.587211
27	Y	X	0.380356	0.004862	0.614781
28	C	X	0.242841	0.137462	0.619697
29	Q	X	0.236714	0.006100	0.757186
30	C	X	0.064045	0.172662	0.763293
31	T	X	0.057356	0.006682	0.935961
32	G	X	0.040304	0.017053	0.942643
33	G	X	0.016526	0.023783	0.959691
34	A	X	0.005296	0.011230	0.983474
35	D	X	0.003808	0.001488	0.994704
36	C	X	0.001304	0.002506	0.996189
37	T	X	0.000967	0.000338	0.998695
38	S	X	0.000715	0.000254	0.999031
39	C	X	0.000507	0.000211	0.999282
40	T	X	0.000412	0.000097	0.999491
41	E	X	0.000295	0.000120	0.999585
42	A	X	0.000134	0.000166	0.999701
43	C	X	0.000086	0.000049	0.999865
44	T	X	0.000073	0.000014	0.999913
45	G	X	0.000049	0.000026	0.999925
46	C	X	0.000038	0.000013	0.999949
47	G	X	0.000035	0.000004	0.999961
48	N	X	0.000033	0.000005	0.999963
49	C	X	0.000032	0.000004	0.999965
50	P	X	0.000030	0.000004	0.999965
51	N	X	0.000025	0.000009	0.999966
52	A	X	0.000021	0.000008	0.999972
53	V	X	0.000021	0.000002	0.999977
54	T	X	0.000020	0.000004	0.999976
55	C	X	0.000017	0.000007	0.999977
56	T	X	0.000018	0.000003	0.999980
57	D	X	0.000017	0.000005	0.999978
58	S	X	0.000016	0.000006	0.999978
59	K	X	0.000016	0.000004	0.999980
60	N	X	0.000016	0.000004	0.999980
61	C	X	0.000016	0.000004	0.999980
62	I	X	0.000017	0.000003	0.999980
63	N	X	0.000016	0.000007	0.999977
64	A	X	0.000012	0.000009	0.999978
65	V	X	0.000013	0.000003	0.999984
66	T	X	0.000012	0.000004	0.999983
67	C	X	0.000010	0.000005	0.999984
68	T	X	0.000010	0.000004	0.999987
69	G	X	0.000008	0.000005	0.999987
70	S	X	0.000011	0.000001	0.999988
