# Name=Parent_mRNA.Tenebrio_molitor_scaffold_7.1215.1
# pos	aa	SP	CS	OTHER
1	M	X	0.057462	0.000007	0.942530
2	T	X	0.057392	0.000014	0.942595
3	T	X	0.057338	0.000006	0.942656
4	V	X	0.057281	0.000011	0.942708
5	S	X	0.057208	0.000029	0.942763
6	C	X	0.057125	0.000041	0.942833
7	I	X	0.057017	0.000069	0.942915
8	V	X	0.056933	0.000050	0.943017
9	V	X	0.056863	0.000039	0.943098
10	T	X	0.056779	0.000054	0.943167
11	T	X	0.056672	0.000080	0.943249
12	L	X	0.056571	0.000075	0.943354
13	V	X	0.056479	0.000067	0.943454
14	V	X	0.056380	0.000075	0.943544
15	V	X	0.056223	0.000134	0.943643
16	S	X	0.055859	0.000341	0.943800
17	L	X	0.055199	0.000636	0.944164
18	A	X	0.046379	0.008798	0.944823
19	N	X	0.045642	0.000724	0.953634
20	L	X	0.043344	0.002290	0.954367
21	V	X	0.042704	0.000637	0.956659
22	L	X	0.041785	0.000920	0.957295
23	L	X	0.037757	0.004034	0.958209
24	V	X	0.036495	0.001274	0.962231
25	H	X	0.036060	0.000452	0.963488
26	V	X	0.034043	0.002038	0.963918
27	I	X	0.033776	0.000295	0.965928
28	M	X	0.031984	0.001824	0.966192
29	H	X	0.031235	0.000784	0.967980
30	S	X	0.025556	0.005724	0.968720
31	L	X	0.024619	0.000980	0.974401
32	A	X	0.007785	0.016888	0.975327
33	K	X	0.007011	0.000798	0.992190
34	C	X	0.002226	0.004823	0.992951
35	D	X	0.002051	0.000188	0.997761
36	R	X	0.001811	0.000257	0.997933
37	P	X	0.001583	0.000245	0.998172
38	R	X	0.001342	0.000260	0.998399
39	T	X	0.001238	0.000120	0.998642
40	V	X	0.001156	0.000100	0.998744
41	L	X	0.001029	0.000149	0.998822
42	Q	X	0.000898	0.000154	0.998948
43	K	X	0.000806	0.000115	0.999080
44	V	X	0.000765	0.000062	0.999174
45	P	X	0.000720	0.000067	0.999214
46	K	X	0.000670	0.000073	0.999257
47	I	X	0.000652	0.000042	0.999306
48	P	X	0.000628	0.000050	0.999322
49	K	X	0.000598	0.000060	0.999342
50	I	X	0.000580	0.000048	0.999372
51	Q	X	0.000556	0.000057	0.999387
52	K	X	0.000522	0.000068	0.999409
53	R	X	0.000484	0.000075	0.999441
54	E	X	0.000459	0.000058	0.999483
55	D	X	0.000435	0.000055	0.999510
56	V	X	0.000418	0.000048	0.999534
57	A	X	0.000398	0.000052	0.999551
58	S	X	0.000371	0.000060	0.999569
59	L	X	0.000345	0.000059	0.999596
60	Q	X	0.000322	0.000054	0.999625
61	E	X	0.000300	0.000050	0.999650
62	H	X	0.000270	0.000059	0.999671
63	A	X	0.000244	0.000052	0.999704
64	P	X	0.000218	0.000049	0.999733
65	S	X	0.000192	0.000047	0.999761
66	T	X	0.000164	0.000048	0.999788
67	A	X	0.000130	0.000052	0.999817
68	N	X	0.000100	0.000045	0.999855
69	Y	X	0.000070	0.000043	0.999888
70	K	X	0.000069	0.000012	0.999919
