# Name=Parent_mRNA.Tenebrio_molitor_scaffold_16.244.1
# pos	aa	SP	CS	OTHER
1	M	S	0.990684	0.000003	0.009314
2	I	S	0.990709	0.000004	0.009287
3	L	S	0.990737	0.000002	0.009261
4	P	S	0.990764	0.000002	0.009235
5	T	S	0.990791	0.000001	0.009208
6	L	S	0.990818	0.000001	0.009181
7	V	S	0.990844	0.000002	0.009154
8	L	S	0.990869	0.000002	0.009129
9	S	S	0.990887	0.000007	0.009106
10	S	S	0.990902	0.000010	0.009089
11	L	S	0.990905	0.000017	0.009078
12	V	S	0.990900	0.000023	0.009077
13	L	S	0.990860	0.000053	0.009087
14	V	S	0.990722	0.000148	0.009130
15	G	S	0.990184	0.000544	0.009272
16	V	S	0.989388	0.000800	0.009812
17	K	S	0.985622	0.003762	0.010616
18	A	C	0.177166	0.808448	0.014386
19	T	X	0.173569	0.003638	0.822793
20	C	X	0.012214	0.161373	0.826413
21	D	X	0.008921	0.003291	0.987788
22	K	X	0.006273	0.002646	0.991080
23	E	X	0.005187	0.001086	0.993727
24	I	X	0.004420	0.000768	0.994812
25	V	X	0.003877	0.000544	0.995579
26	R	X	0.003187	0.000693	0.996120
27	P	X	0.002075	0.001116	0.996810
28	V	X	0.001637	0.000440	0.997924
29	E	X	0.001448	0.000191	0.998362
30	W	X	0.001146	0.000304	0.998550
31	T	X	0.000942	0.000206	0.998852
32	G	X	0.000795	0.000149	0.999055
33	G	X	0.000661	0.000137	0.999202
34	N	X	0.000561	0.000103	0.999336
35	F	X	0.000498	0.000066	0.999436
36	E	X	0.000460	0.000041	0.999498
37	W	X	0.000425	0.000039	0.999536
38	P	X	0.000392	0.000038	0.999570
39	N	X	0.000373	0.000025	0.999602
40	L	X	0.000350	0.000031	0.999619
41	A	X	0.000313	0.000046	0.999641
42	T	X	0.000291	0.000030	0.999679
43	K	X	0.000269	0.000030	0.999700
44	S	X	0.000250	0.000028	0.999722
45	I	X	0.000242	0.000017	0.999742
46	Y	X	0.000231	0.000021	0.999748
47	R	X	0.000216	0.000027	0.999757
48	S	X	0.000205	0.000023	0.999772
49	S	X	0.000196	0.000021	0.999783
50	G	X	0.000188	0.000020	0.999792
51	R	X	0.000182	0.000017	0.999801
52	F	X	0.000177	0.000016	0.999806
53	I	X	0.000173	0.000017	0.999810
54	Q	X	0.000170	0.000017	0.999813
55	K	X	0.000166	0.000018	0.999816
56	N	X	0.000161	0.000019	0.999820
57	A	X	0.000158	0.000018	0.999825
58	I	X	0.000156	0.000016	0.999828
59	A	X	0.000145	0.000026	0.999829
60	T	X	0.000142	0.000018	0.999840
61	R	X	0.000132	0.000024	0.999844
62	A	X	0.000114	0.000031	0.999855
63	Q	X	0.000107	0.000016	0.999876
64	I	X	0.000101	0.000015	0.999884
65	Y	X	0.000093	0.000017	0.999890
66	K	X	0.000084	0.000018	0.999898
67	D	X	0.000076	0.000016	0.999908
68	D	X	0.000068	0.000015	0.999917
69	V	X	0.000061	0.000013	0.999926
70	I	X	0.000061	0.000009	0.999929
