# Name=Parent_mRNA.Tenebrio_molitor_scaffold_7.295.1
# pos	aa	SP	CS	OTHER
1	M	S	0.643570	0.000002	0.356427
2	D	S	0.643566	0.000005	0.356429
3	V	S	0.643567	0.000003	0.356430
4	L	S	0.643569	0.000002	0.356429
5	M	S	0.643568	0.000005	0.356427
6	A	S	0.643563	0.000010	0.356426
7	S	S	0.643555	0.000015	0.356430
8	L	S	0.643541	0.000022	0.356438
9	Y	S	0.643488	0.000058	0.356453
10	A	S	0.643197	0.000296	0.356507
11	F	S	0.643115	0.000090	0.356795
12	H	S	0.642770	0.000349	0.356880
13	L	S	0.642402	0.000372	0.357227
14	I	S	0.641696	0.000699	0.357605
15	A	S	0.635782	0.005893	0.358325
16	V	S	0.626347	0.009400	0.364253
17	G	C	0.379153	0.247144	0.373703
18	N	X	0.354548	0.024568	0.620884
19	T	X	0.268851	0.085656	0.645494
20	C	X	0.168404	0.100412	0.731184
21	V	X	0.094119	0.074249	0.831632
22	E	X	0.073375	0.020721	0.905904
23	T	X	0.049767	0.023593	0.926640
24	P	X	0.039918	0.009839	0.950243
25	A	X	0.023137	0.016776	0.960087
26	T	X	0.018303	0.004828	0.976870
27	N	X	0.013472	0.004828	0.981701
28	D	X	0.010574	0.002896	0.986530
29	D	X	0.008487	0.002086	0.989426
30	L	X	0.006662	0.001827	0.991512
31	I	X	0.005239	0.001424	0.993337
32	K	X	0.004171	0.001070	0.994758
33	T	X	0.003308	0.000867	0.995825
34	C	X	0.002794	0.000517	0.996689
35	V	X	0.002488	0.000310	0.997202
36	D	X	0.002253	0.000241	0.997506
37	N	X	0.002036	0.000223	0.997741
38	I	X	0.001891	0.000152	0.997957
39	L	X	0.001717	0.000183	0.998100
40	L	X	0.001541	0.000186	0.998273
41	R	X	0.001373	0.000178	0.998450
42	H	X	0.001216	0.000166	0.998618
43	F	X	0.001082	0.000144	0.998775
44	E	X	0.000992	0.000099	0.998909
45	P	X	0.000907	0.000095	0.998998
46	N	X	0.000817	0.000100	0.999083
47	Y	X	0.000751	0.000077	0.999172
48	L	X	0.000691	0.000070	0.999238
49	I	X	0.000649	0.000054	0.999297
50	V	X	0.000601	0.000060	0.999339
51	A	X	0.000535	0.000079	0.999386
52	L	X	0.000489	0.000058	0.999453
53	N	X	0.000443	0.000057	0.999500
54	I	X	0.000410	0.000044	0.999546
55	S	X	0.000377	0.000045	0.999578
56	F	X	0.000343	0.000045	0.999611
57	T	X	0.000306	0.000049	0.999645
58	S	X	0.000275	0.000042	0.999683
59	D	X	0.000249	0.000035	0.999716
60	Y	X	0.000229	0.000030	0.999741
61	P	X	0.000208	0.000030	0.999761
62	M	X	0.000189	0.000029	0.999782
63	V	X	0.000177	0.000022	0.999801
64	R	X	0.000157	0.000030	0.999813
65	L	X	0.000137	0.000030	0.999833
66	V	X	0.000117	0.000029	0.999854
67	L	X	0.000096	0.000030	0.999875
68	H	X	0.000073	0.000030	0.999897
69	D	X	0.000056	0.000023	0.999921
70	E	X	0.000058	0.000006	0.999937
