# Name=Parent_mRNA.Tenebrio_molitor_scaffold_16.262.1
# pos	aa	SP	CS	OTHER
1	M	S	0.790524	0.000003	0.209473
2	G	S	0.790516	0.000005	0.209479
3	P	S	0.790508	0.000005	0.209486
4	M	S	0.790504	0.000005	0.209491
5	W	S	0.790500	0.000006	0.209494
6	I	S	0.790496	0.000007	0.209497
7	L	S	0.790495	0.000003	0.209502
8	P	S	0.790490	0.000005	0.209505
9	L	S	0.790479	0.000007	0.209514
10	V	S	0.790461	0.000009	0.209531
11	F	S	0.790409	0.000037	0.209555
12	G	S	0.789632	0.000755	0.209614
13	T	S	0.789159	0.000450	0.210391
14	T	S	0.787228	0.001897	0.210874
15	I	S	0.781306	0.005868	0.212826
16	A	C	0.173103	0.608121	0.218776
17	M	X	0.101640	0.071425	0.826936
18	D	X	0.089663	0.011936	0.898401
19	N	X	0.081981	0.007653	0.910366
20	L	X	0.078235	0.003726	0.918039
21	R	X	0.070469	0.007750	0.921780
22	V	X	0.061447	0.009009	0.929543
23	A	X	0.034268	0.027171	0.938560
24	Y	X	0.028038	0.006224	0.965737
25	Q	X	0.019664	0.008373	0.971963
26	W	X	0.017656	0.002008	0.980336
27	Q	X	0.015937	0.001721	0.982342
28	E	X	0.014672	0.001268	0.984060
29	L	X	0.013631	0.001047	0.985323
30	D	X	0.012659	0.000978	0.986363
31	F	X	0.011758	0.000909	0.987334
32	E	X	0.010996	0.000771	0.988233
33	Y	X	0.010463	0.000543	0.988993
34	P	X	0.009706	0.000770	0.989523
35	S	X	0.009082	0.000639	0.990279
36	E	X	0.008511	0.000587	0.990902
37	S	X	0.007750	0.000780	0.991470
38	A	X	0.007136	0.000633	0.992231
39	R	X	0.006513	0.000641	0.992846
40	Q	X	0.005887	0.000646	0.993468
41	A	X	0.005320	0.000585	0.994096
42	A	X	0.004807	0.000527	0.994666
43	L	X	0.004371	0.000448	0.995180
44	E	X	0.003958	0.000426	0.995616
45	S	X	0.003522	0.000448	0.996029
46	Q	X	0.003186	0.000346	0.996467
47	E	X	0.002910	0.000285	0.996805
48	F	X	0.002674	0.000245	0.997081
49	I	X	0.002479	0.000203	0.997317
50	P	X	0.002264	0.000224	0.997511
51	E	X	0.002052	0.000222	0.997726
52	N	X	0.001874	0.000188	0.997939
53	N	X	0.001714	0.000170	0.998116
54	L	X	0.001574	0.000149	0.998277
55	P	X	0.001439	0.000145	0.998416
56	L	X	0.001309	0.000140	0.998551
57	G	X	0.001184	0.000136	0.998680
58	L	X	0.001069	0.000125	0.998805
59	E	X	0.000957	0.000123	0.998919
60	V	X	0.000875	0.000094	0.999031
61	Y	X	0.000784	0.000103	0.999112
62	G	X	0.000679	0.000119	0.999202
63	D	X	0.000598	0.000093	0.999309
64	R	X	0.000510	0.000099	0.999390
65	L	X	0.000427	0.000094	0.999479
66	F	X	0.000347	0.000090	0.999563
67	V	X	0.000270	0.000085	0.999645
68	T	X	0.000199	0.000078	0.999723
69	V	X	0.000148	0.000057	0.999795
70	P	X	0.000145	0.000011	0.999844
