# Name=Parent_mRNA.Tenebrio_molitor_scaffold_7.1550.1
# pos	aa	SP	CS	OTHER
1	M	S	0.986583	0.000002	0.013415
2	A	S	0.986604	0.000006	0.013389
3	F	S	0.986632	0.000004	0.013364
4	K	S	0.986651	0.000011	0.013338
5	T	S	0.986676	0.000010	0.013314
6	C	S	0.986696	0.000015	0.013289
7	A	S	0.986708	0.000024	0.013268
8	F	S	0.986711	0.000036	0.013253
9	T	S	0.986712	0.000041	0.013247
10	K	S	0.986701	0.000054	0.013246
11	N	S	0.986707	0.000038	0.013255
12	W	S	0.986719	0.000034	0.013247
13	L	S	0.986704	0.000062	0.013234
14	V	S	0.986721	0.000034	0.013245
15	I	S	0.986732	0.000035	0.013233
16	A	S	0.986598	0.000175	0.013227
17	V	S	0.986566	0.000069	0.013364
18	I	S	0.986415	0.000179	0.013406
19	V	S	0.986170	0.000265	0.013564
20	M	S	0.984234	0.001945	0.013821
21	C	S	0.968502	0.015730	0.015768
22	L	S	0.962191	0.006297	0.031511
23	C	C	0.629855	0.332288	0.037857
24	T	X	0.573113	0.056686	0.370201
25	E	X	0.502303	0.070727	0.426970
26	Y	X	0.475346	0.026887	0.497767
27	N	X	0.462670	0.012612	0.524718
28	C	X	0.279569	0.183024	0.537407
29	Q	X	0.267741	0.011790	0.720468
30	C	X	0.031573	0.236162	0.732266
31	T	X	0.025838	0.005726	0.968436
32	G	X	0.010754	0.015084	0.974163
33	G	X	0.003091	0.007663	0.989246
34	T	X	0.001998	0.001092	0.996910
35	D	X	0.001428	0.000570	0.998002
36	C	X	0.000681	0.000748	0.998570
37	T	X	0.000521	0.000161	0.999318
38	S	X	0.000376	0.000146	0.999478
39	C	X	0.000241	0.000136	0.999623
40	T	X	0.000189	0.000054	0.999757
41	E	X	0.000155	0.000036	0.999809
42	T	X	0.000112	0.000045	0.999843
43	C	X	0.000091	0.000023	0.999886
44	T	X	0.000082	0.000010	0.999908
45	G	X	0.000063	0.000021	0.999916
46	C	X	0.000054	0.000011	0.999935
47	R	X	0.000050	0.000006	0.999944
48	N	X	0.000045	0.000007	0.999947
49	C	X	0.000044	0.000004	0.999952
50	P	X	0.000043	0.000005	0.999952
51	N	X	0.000038	0.000011	0.999951
52	A	X	0.000035	0.000008	0.999957
53	R	X	0.000030	0.000009	0.999961
54	S	X	0.000025	0.000009	0.999966
55	C	X	0.000024	0.000004	0.999972
56	I	X	0.000023	0.000004	0.999973
57	G	X	0.000021	0.000006	0.999973
58	S	X	0.000019	0.000006	0.999976
59	T	X	0.000019	0.000003	0.999978
60	N	X	0.000019	0.000004	0.999977
61	C	X	0.000019	0.000005	0.999976
62	I	X	0.000020	0.000003	0.999977
63	N	X	0.000019	0.000007	0.999974
64	A	X	0.000015	0.000010	0.999975
65	V	X	0.000016	0.000003	0.999981
66	T	X	0.000014	0.000005	0.999981
67	C	X	0.000012	0.000006	0.999982
68	T	X	0.000011	0.000004	0.999985
69	G	X	0.000009	0.000005	0.999986
70	S	X	0.000011	0.000001	0.999987
