# Name=Parent_mRNA.Tenebrio_molitor_scaffold_7.1541.1
# pos	aa	SP	CS	OTHER
1	M	S	0.973721	0.000002	0.026277
2	A	S	0.973738	0.000008	0.026254
3	F	S	0.973760	0.000006	0.026234
4	K	S	0.973772	0.000015	0.026212
5	T	S	0.973788	0.000016	0.026196
6	C	S	0.973797	0.000024	0.026179
7	V	S	0.973800	0.000031	0.026169
8	F	S	0.973804	0.000032	0.026163
9	T	S	0.973807	0.000035	0.026158
10	K	S	0.973750	0.000096	0.026154
11	N	S	0.973761	0.000032	0.026207
12	W	S	0.973763	0.000041	0.026195
13	L	S	0.973705	0.000103	0.026192
14	V	S	0.973704	0.000051	0.026245
15	I	S	0.973683	0.000065	0.026252
16	A	S	0.973367	0.000355	0.026278
17	V	S	0.973282	0.000124	0.026594
18	I	S	0.973037	0.000273	0.026690
19	V	S	0.972671	0.000387	0.026943
20	M	S	0.970279	0.002399	0.027322
21	C	S	0.951148	0.019128	0.029724
22	L	S	0.944777	0.006357	0.048866
23	C	C	0.610895	0.333833	0.055271
24	T	X	0.546228	0.064608	0.389164
25	E	X	0.465665	0.080479	0.453856
26	Y	X	0.437692	0.027907	0.534401
27	Y	X	0.432574	0.005061	0.562365
28	C	X	0.250625	0.181885	0.567491
29	Q	X	0.242673	0.007922	0.749406
30	C	X	0.040755	0.201918	0.757327
31	T	X	0.034937	0.005811	0.959252
32	G	X	0.018631	0.016309	0.965060
33	G	X	0.006020	0.012614	0.981366
34	S	X	0.003241	0.002778	0.993981
35	D	X	0.002110	0.001132	0.996758
36	C	X	0.000881	0.001230	0.997889
37	T	X	0.000599	0.000283	0.999118
38	S	X	0.000376	0.000224	0.999400
39	C	X	0.000231	0.000146	0.999622
40	T	X	0.000165	0.000068	0.999767
41	T	X	0.000138	0.000029	0.999833
42	E	X	0.000111	0.000029	0.999860
43	C	X	0.000067	0.000046	0.999886
44	I	X	0.000056	0.000013	0.999931
45	G	X	0.000039	0.000019	0.999942
46	C	X	0.000030	0.000011	0.999959
47	G	X	0.000029	0.000003	0.999968
48	N	X	0.000028	0.000003	0.999969
49	C	X	0.000027	0.000003	0.999970
50	P	X	0.000027	0.000003	0.999970
51	N	X	0.000024	0.000007	0.999969
52	A	X	0.000022	0.000006	0.999972
53	L	X	0.000022	0.000003	0.999974
54	T	X	0.000021	0.000005	0.999974
55	C	X	0.000021	0.000004	0.999975
56	T	X	0.000022	0.000004	0.999974
57	A	X	0.000019	0.000009	0.999971
58	S	X	0.000019	0.000006	0.999975
59	E	X	0.000019	0.000004	0.999977
60	N	X	0.000020	0.000005	0.999976
61	C	X	0.000020	0.000004	0.999975
62	V	X	0.000023	0.000003	0.999974
63	K	X	0.000023	0.000007	0.999969
64	A	X	0.000018	0.000013	0.999969
65	V	X	0.000019	0.000003	0.999977
66	K	X	0.000018	0.000006	0.999975
67	C	X	0.000015	0.000009	0.999976
68	T	X	0.000014	0.000005	0.999981
69	E	X	0.000011	0.000007	0.999982
70	S	X	0.000013	0.000002	0.999984
