# Name=Parent_mRNA.Tenebrio_molitor_scaffold_7.563.1
# pos	aa	SP	CS	OTHER
1	M	S	0.998013	0.000001	0.001986
2	K	S	0.998022	0.000004	0.001974
3	L	S	0.998033	0.000003	0.001964
4	L	S	0.998045	0.000002	0.001952
5	L	S	0.998058	0.000001	0.001941
6	V	S	0.998069	0.000001	0.001930
7	L	S	0.998078	0.000001	0.001921
8	A	S	0.998082	0.000003	0.001915
9	A	S	0.998084	0.000003	0.001914
10	V	S	0.998077	0.000010	0.001914
11	A	S	0.997828	0.000249	0.001923
12	A	S	0.995232	0.002593	0.002175
13	A	S	0.978342	0.016881	0.004776
14	S	S	0.939451	0.038877	0.021673
15	A	C	0.226475	0.712968	0.060557
16	K	X	0.219177	0.007302	0.773521
17	P	X	0.170394	0.048779	0.780827
18	S	X	0.158474	0.011920	0.829607
19	V	X	0.152846	0.005627	0.841527
20	L	X	0.139317	0.013530	0.847154
21	T	X	0.096510	0.042812	0.860678
22	Y	X	0.087637	0.008879	0.903485
23	S	X	0.040052	0.047595	0.912353
24	A	X	0.036097	0.003958	0.959945
25	P	X	0.031587	0.004514	0.963899
26	L	X	0.027663	0.003930	0.968407
27	T	X	0.025285	0.002384	0.972331
28	Y	X	0.021318	0.003975	0.974706
29	A	X	0.012217	0.009112	0.978671
30	A	X	0.010691	0.001530	0.987779
31	P	X	0.008944	0.001751	0.989304
32	L	X	0.007378	0.001571	0.991051
33	T	X	0.006481	0.000903	0.992617
34	Y	X	0.005168	0.001319	0.993513
35	A	X	0.003587	0.001588	0.994825
36	T	X	0.003218	0.000373	0.996409
37	P	X	0.002680	0.000543	0.996777
38	V	X	0.002342	0.000342	0.997316
39	A	X	0.001970	0.000376	0.997653
40	I	X	0.001656	0.000319	0.998025
41	S	X	0.001262	0.000400	0.998338
42	S	X	0.000950	0.000318	0.998732
43	Q	X	0.000778	0.000177	0.999045
44	Y	X	0.000653	0.000129	0.999218
45	H	X	0.000504	0.000154	0.999342
46	A	X	0.000337	0.000172	0.999491
47	Q	X	0.000263	0.000078	0.999659
48	D	X	0.000219	0.000047	0.999735
49	T	X	0.000180	0.000041	0.999779
50	L	X	0.000143	0.000040	0.999817
51	G	X	0.000112	0.000034	0.999854
52	Q	X	0.000093	0.000021	0.999886
53	Y	X	0.000082	0.000013	0.999905
54	N	X	0.000075	0.000010	0.999915
55	Y	X	0.000069	0.000010	0.999922
56	G	X	0.000064	0.000008	0.999928
57	Y	X	0.000061	0.000007	0.999931
58	S	X	0.000060	0.000007	0.999933
59	G	X	0.000060	0.000006	0.999934
60	V	X	0.000062	0.000005	0.999933
61	L	X	0.000063	0.000008	0.999929
62	S	X	0.000060	0.000014	0.999926
63	A	X	0.000061	0.000010	0.999928
64	K	X	0.000056	0.000016	0.999928
65	A	X	0.000050	0.000016	0.999934
66	E	X	0.000045	0.000013	0.999942
67	A	X	0.000031	0.000021	0.999948
68	K	X	0.000023	0.000013	0.999964
69	S	X	0.000016	0.000011	0.999973
70	V	X	0.000018	0.000002	0.999980
