# Name=Parent_mRNA.Tenebrio_molitor_scaffold_7.1538.1
# pos	aa	SP	CS	OTHER
1	M	S	0.973959	0.000002	0.026038
2	A	S	0.973978	0.000008	0.026013
3	F	S	0.974004	0.000005	0.025990
4	K	S	0.974018	0.000016	0.025966
5	T	S	0.974041	0.000014	0.025945
6	C	S	0.974058	0.000019	0.025923
7	T	S	0.974068	0.000028	0.025904
8	F	S	0.974069	0.000038	0.025893
9	T	S	0.974073	0.000039	0.025888
10	K	S	0.974052	0.000065	0.025884
11	N	S	0.974057	0.000042	0.025901
12	W	S	0.974061	0.000043	0.025896
13	L	S	0.974028	0.000082	0.025889
14	V	S	0.974042	0.000041	0.025917
15	I	S	0.974054	0.000038	0.025908
16	A	S	0.973900	0.000199	0.025901
17	V	S	0.973868	0.000074	0.026058
18	I	S	0.973718	0.000181	0.026101
19	V	S	0.973460	0.000281	0.026259
20	M	S	0.971711	0.001760	0.026529
21	C	S	0.961453	0.010259	0.028288
22	L	S	0.956180	0.005261	0.038558
23	C	S	0.719720	0.236415	0.043865
24	T	S	0.662546	0.057117	0.280337
25	E	S	0.599130	0.063331	0.337539
26	Y	S	0.577106	0.021953	0.400940
27	Y	S	0.571599	0.005443	0.422958
28	C	S	0.419820	0.151701	0.428479
29	Q	S	0.410969	0.008815	0.580216
30	C	C	0.092616	0.318348	0.589035
31	S	X	0.081156	0.011457	0.907387
32	G	X	0.041472	0.039693	0.918836
33	G	X	0.015826	0.025652	0.958522
34	A	X	0.005045	0.010781	0.984173
35	D	X	0.003579	0.001467	0.994954
36	C	X	0.001205	0.002377	0.996418
37	T	X	0.000857	0.000349	0.998795
38	S	X	0.000594	0.000264	0.999142
39	C	X	0.000436	0.000161	0.999403
40	T	X	0.000308	0.000131	0.999561
41	A	X	0.000192	0.000120	0.999688
42	E	X	0.000137	0.000058	0.999805
43	C	X	0.000068	0.000071	0.999860
44	T	X	0.000056	0.000014	0.999930
45	G	X	0.000037	0.000021	0.999943
46	C	X	0.000028	0.000010	0.999962
47	G	X	0.000026	0.000003	0.999970
48	N	X	0.000025	0.000004	0.999971
49	C	X	0.000024	0.000003	0.999973
50	P	X	0.000024	0.000003	0.999972
51	N	X	0.000021	0.000007	0.999972
52	A	X	0.000019	0.000006	0.999975
53	I	X	0.000019	0.000002	0.999979
54	T	X	0.000019	0.000003	0.999977
55	C	X	0.000020	0.000003	0.999977
56	T	X	0.000021	0.000004	0.999975
57	A	X	0.000019	0.000009	0.999973
58	S	X	0.000018	0.000006	0.999976
59	E	X	0.000019	0.000004	0.999977
60	N	X	0.000019	0.000005	0.999976
61	C	X	0.000020	0.000004	0.999976
62	V	X	0.000023	0.000003	0.999975
63	K	X	0.000022	0.000008	0.999970
64	A	X	0.000018	0.000012	0.999971
65	L	X	0.000018	0.000004	0.999977
66	T	X	0.000017	0.000006	0.999977
67	C	X	0.000014	0.000007	0.999979
68	T	X	0.000013	0.000005	0.999982
69	E	X	0.000011	0.000006	0.999983
70	S	X	0.000013	0.000002	0.999985
