# Name=Parent_mRNA.Tenebrio_molitor_scaffold_15.427.1
# pos	aa	SP	CS	OTHER
1	M	X	0.300167	0.000006	0.699827
2	N	X	0.300126	0.000010	0.699864
3	R	X	0.300094	0.000009	0.699897
4	K	X	0.300068	0.000007	0.699926
5	L	X	0.300048	0.000005	0.699947
6	H	X	0.300031	0.000004	0.699965
7	N	X	0.300010	0.000008	0.699982
8	L	X	0.299993	0.000006	0.700000
9	F	X	0.299968	0.000016	0.700016
10	F	X	0.299942	0.000016	0.700042
11	L	X	0.299916	0.000015	0.700069
12	Q	X	0.299884	0.000018	0.700097
13	L	X	0.299822	0.000045	0.700132
14	L	X	0.299730	0.000073	0.700197
15	N	X	0.299526	0.000182	0.700293
16	I	X	0.299172	0.000325	0.700504
17	S	X	0.296694	0.002438	0.700868
18	S	X	0.260899	0.035741	0.703360
19	Y	X	0.245244	0.015606	0.739150
20	T	X	0.071398	0.173801	0.754801
21	N	X	0.067814	0.003551	0.928635
22	V	X	0.030778	0.037008	0.932214
23	D	X	0.028432	0.002329	0.969239
24	K	X	0.016138	0.012284	0.971578
25	C	X	0.011917	0.004214	0.983869
26	I	X	0.010567	0.001345	0.988088
27	N	X	0.009017	0.001549	0.989434
28	E	X	0.007873	0.001145	0.990982
29	M	X	0.006700	0.001176	0.992125
30	D	X	0.006025	0.000678	0.993297
31	K	X	0.005180	0.000849	0.993971
32	V	X	0.004683	0.000501	0.994816
33	D	X	0.004372	0.000317	0.995311
34	I	X	0.004047	0.000332	0.995621
35	N	X	0.003658	0.000397	0.995945
36	S	X	0.003250	0.000418	0.996332
37	V	X	0.002995	0.000263	0.996742
38	R	X	0.002722	0.000283	0.996995
39	V	X	0.002557	0.000174	0.997269
40	V	X	0.002415	0.000152	0.997434
41	L	X	0.002255	0.000170	0.997575
42	L	X	0.002092	0.000175	0.997733
43	Q	X	0.001921	0.000183	0.997895
44	T	X	0.001771	0.000162	0.998067
45	E	X	0.001639	0.000143	0.998217
46	Q	X	0.001507	0.000144	0.998349
47	H	X	0.001396	0.000122	0.998482
48	R	X	0.001281	0.000127	0.998592
49	I	X	0.001192	0.000100	0.998708
50	Q	X	0.001099	0.000104	0.998798
51	I	X	0.001013	0.000097	0.998890
52	R	X	0.000930	0.000095	0.998975
53	D	X	0.000855	0.000086	0.999058
54	F	X	0.000783	0.000083	0.999133
55	G	X	0.000728	0.000067	0.999206
56	E	X	0.000676	0.000063	0.999261
57	L	X	0.000628	0.000061	0.999311
58	L	X	0.000580	0.000062	0.999358
59	I	X	0.000535	0.000059	0.999406
60	N	X	0.000493	0.000056	0.999451
61	R	X	0.000451	0.000057	0.999492
62	V	X	0.000411	0.000054	0.999534
63	L	X	0.000374	0.000052	0.999574
64	R	X	0.000333	0.000056	0.999611
65	H	X	0.000295	0.000052	0.999654
66	R	X	0.000254	0.000054	0.999693
67	K	X	0.000216	0.000048	0.999736
68	V	X	0.000183	0.000041	0.999776
69	H	X	0.000157	0.000034	0.999810
70	V	X	0.000149	0.000017	0.999834
