# Name=Parent_mRNA.Tenebrio_molitor_scaffold_7.118.1
# pos	aa	SP	CS	OTHER
1	M	S	0.904426	0.000004	0.095570
2	Y	S	0.904474	0.000005	0.095520
3	H	S	0.904530	0.000001	0.095468
4	P	S	0.904586	0.000001	0.095413
5	G	S	0.904642	0.000002	0.095357
6	G	S	0.904699	0.000003	0.095298
7	Q	S	0.904754	0.000009	0.095237
8	S	S	0.904813	0.000011	0.095176
9	S	S	0.904876	0.000013	0.095111
10	V	S	0.904939	0.000017	0.095044
11	A	S	0.905002	0.000022	0.094976
12	H	S	0.905057	0.000039	0.094904
13	R	S	0.905109	0.000050	0.094841
14	K	S	0.905171	0.000049	0.094780
15	M	S	0.905253	0.000044	0.094703
16	K	S	0.905350	0.000039	0.094611
17	I	S	0.905462	0.000035	0.094502
18	S	S	0.905569	0.000044	0.094387
19	A	S	0.905676	0.000054	0.094271
20	V	S	0.905834	0.000029	0.094136
21	T	S	0.905984	0.000033	0.093983
22	V	S	0.906132	0.000025	0.093844
23	A	S	0.906246	0.000046	0.093708
24	L	S	0.906355	0.000040	0.093605
25	A	S	0.906314	0.000162	0.093524
26	I	S	0.906376	0.000047	0.093577
27	S	S	0.905940	0.000506	0.093554
28	A	S	0.903225	0.002766	0.094009
29	A	S	0.895170	0.008106	0.096724
30	L	S	0.894254	0.000980	0.104765
31	Y	S	0.893006	0.001310	0.105684
32	H	S	0.892754	0.000320	0.106927
33	R	S	0.891523	0.001294	0.107183
34	G	S	0.888103	0.003477	0.108421
35	A	S	0.884207	0.003945	0.111848
36	E	S	0.866688	0.017559	0.115753
37	A	C	0.008535	0.858266	0.133200
38	R	X	0.004547	0.004005	0.991449
39	V	X	0.001909	0.002643	0.995448
40	T	X	0.001275	0.000634	0.998091
41	K	X	0.000756	0.000520	0.998724
42	C	X	0.000334	0.000423	0.999243
43	Y	X	0.000250	0.000085	0.999665
44	T	X	0.000189	0.000062	0.999749
45	C	X	0.000157	0.000033	0.999810
46	Y	X	0.000139	0.000020	0.999841
47	M	X	0.000129	0.000013	0.999858
48	F	X	0.000118	0.000014	0.999868
49	C	X	0.000105	0.000018	0.999877
50	H	X	0.000097	0.000013	0.999889
51	D	X	0.000090	0.000014	0.999896
52	R	X	0.000078	0.000020	0.999902
53	L	X	0.000072	0.000013	0.999915
54	E	X	0.000065	0.000014	0.999921
55	V	X	0.000059	0.000013	0.999928
56	E	X	0.000056	0.000010	0.999935
57	E	X	0.000051	0.000012	0.999937
58	C	X	0.000047	0.000011	0.999943
59	Q	X	0.000045	0.000008	0.999947
60	D	X	0.000040	0.000011	0.999949
61	A	X	0.000036	0.000010	0.999954
62	E	X	0.000033	0.000008	0.999959
63	Y	X	0.000030	0.000009	0.999961
64	V	X	0.000028	0.000006	0.999966
65	D	X	0.000027	0.000006	0.999967
66	Y	X	0.000025	0.000006	0.999969
67	K	X	0.000023	0.000008	0.999970
68	C	X	0.000021	0.000006	0.999973
69	L	X	0.000019	0.000007	0.999974
70	S	X	0.000023	0.000003	0.999974
