# Name=Parent_mRNA.Tenebrio_molitor_scaffold_14.108.1
# pos	aa	SP	CS	OTHER
1	M	S	0.895804	0.000003	0.104194
2	R	S	0.895794	0.000007	0.104199
3	L	S	0.895792	0.000004	0.104204
4	I	S	0.895792	0.000002	0.104206
5	T	S	0.895791	0.000002	0.104206
6	V	S	0.895790	0.000002	0.104208
7	L	S	0.895787	0.000003	0.104211
8	F	S	0.895776	0.000005	0.104219
9	V	S	0.895750	0.000014	0.104237
10	L	S	0.895716	0.000017	0.104267
11	E	S	0.895563	0.000132	0.104305
12	G	S	0.891184	0.004355	0.104461
13	V	S	0.890633	0.000529	0.108838
14	N	S	0.886923	0.003678	0.109399
15	L	S	0.836644	0.050241	0.113114
16	G	S	0.743945	0.092676	0.163379
17	F	S	0.734331	0.009597	0.256072
18	S	C	0.163797	0.570517	0.265686
19	A	X	0.098672	0.065135	0.836193
20	V	X	0.085831	0.012834	0.901336
21	C	X	0.032705	0.053126	0.914168
22	R	X	0.021969	0.010735	0.967296
23	K	X	0.016388	0.005581	0.978032
24	E	X	0.013329	0.003059	0.983612
25	F	X	0.010560	0.002770	0.986670
26	E	X	0.008546	0.002015	0.989439
27	E	X	0.006973	0.001575	0.991452
28	T	X	0.006129	0.000846	0.993025
29	V	X	0.005342	0.000790	0.993868
30	C	X	0.004412	0.000934	0.994654
31	E	X	0.003905	0.000511	0.995584
32	N	X	0.003375	0.000534	0.996091
33	F	X	0.003049	0.000331	0.996620
34	T	X	0.002727	0.000327	0.996946
35	F	X	0.002523	0.000209	0.997268
36	T	X	0.002331	0.000198	0.997471
37	P	X	0.002139	0.000199	0.997662
38	E	X	0.001970	0.000176	0.997854
39	T	X	0.001851	0.000126	0.998023
40	V	X	0.001761	0.000099	0.998140
41	L	X	0.001639	0.000131	0.998230
42	D	X	0.001514	0.000136	0.998351
43	S	X	0.001388	0.000137	0.998475
44	A	X	0.001278	0.000120	0.998602
45	T	X	0.001196	0.000090	0.998714
46	N	X	0.001114	0.000090	0.998795
47	K	X	0.001037	0.000086	0.998877
48	I	X	0.000981	0.000065	0.998954
49	L	X	0.000921	0.000070	0.999009
50	I	X	0.000863	0.000070	0.999068
51	K	X	0.000805	0.000069	0.999125
52	N	X	0.000746	0.000072	0.999182
53	A	X	0.000693	0.000065	0.999242
54	E	X	0.000643	0.000061	0.999296
55	G	X	0.000589	0.000065	0.999346
56	K	X	0.000544	0.000055	0.999401
57	I	X	0.000504	0.000049	0.999447
58	I	X	0.000466	0.000048	0.999486
59	H	X	0.000427	0.000049	0.999524
60	E	X	0.000391	0.000047	0.999562
61	H	X	0.000355	0.000047	0.999599
62	L	X	0.000319	0.000046	0.999635
63	S	X	0.000285	0.000044	0.999672
64	N	X	0.000251	0.000042	0.999706
65	L	X	0.000218	0.000042	0.999740
66	G	X	0.000185	0.000042	0.999773
67	L	X	0.000151	0.000041	0.999808
68	V	X	0.000119	0.000040	0.999842
69	Q	X	0.000099	0.000026	0.999875
70	D	X	0.000099	0.000007	0.999894
