# Name=Parent_mRNA.Tenebrio_molitor_scaffold_7.774.1
# pos	aa	SP	CS	OTHER
1	M	X	0.015876	0.000003	0.984121
2	V	X	0.015850	0.000004	0.984146
3	K	X	0.015832	0.000003	0.984164
4	Q	X	0.015817	0.000002	0.984180
5	E	X	0.015805	0.000002	0.984193
6	L	X	0.015793	0.000002	0.984205
7	Y	X	0.015778	0.000006	0.984216
8	T	X	0.015741	0.000029	0.984230
9	C	X	0.015680	0.000054	0.984266
10	A	X	0.015594	0.000080	0.984326
11	Q	X	0.015471	0.000119	0.984411
12	C	X	0.015134	0.000331	0.984534
13	S	X	0.014960	0.000171	0.984869
14	Y	X	0.014690	0.000268	0.985042
15	S	X	0.014021	0.000667	0.985312
16	T	X	0.013738	0.000283	0.985980
17	L	X	0.013467	0.000270	0.986263
18	W	X	0.013220	0.000247	0.986532
19	E	X	0.012980	0.000241	0.986779
20	F	X	0.012713	0.000268	0.987019
21	A	X	0.012371	0.000344	0.987285
22	L	X	0.012003	0.000368	0.987628
23	S	X	0.005094	0.006911	0.987995
24	Q	X	0.004576	0.000517	0.994907
25	H	X	0.004054	0.000522	0.995424
26	T	X	0.003176	0.000877	0.995946
27	K	X	0.003069	0.000108	0.996823
28	N	X	0.002693	0.000377	0.996930
29	C	X	0.001796	0.000899	0.997305
30	Q	X	0.001658	0.000140	0.998202
31	K	X	0.001295	0.000365	0.998339
32	L	X	0.001149	0.000149	0.998702
33	E	X	0.001065	0.000087	0.998848
34	R	X	0.000950	0.000118	0.998932
35	P	X	0.000794	0.000160	0.999046
36	S	X	0.000693	0.000104	0.999203
37	R	X	0.000593	0.000104	0.999304
38	T	X	0.000472	0.000124	0.999404
39	F	X	0.000423	0.000052	0.999525
40	S	X	0.000347	0.000079	0.999574
41	C	X	0.000312	0.000039	0.999649
42	S	X	0.000262	0.000053	0.999684
43	A	X	0.000175	0.000092	0.999733
44	K	X	0.000145	0.000032	0.999823
45	I	X	0.000123	0.000025	0.999852
46	S	X	0.000102	0.000024	0.999875
47	N	X	0.000086	0.000018	0.999896
48	N	X	0.000071	0.000016	0.999912
49	Y	X	0.000064	0.000009	0.999927
50	K	X	0.000054	0.000011	0.999934
51	C	X	0.000049	0.000007	0.999944
52	D	X	0.000048	0.000003	0.999949
53	W	X	0.000046	0.000005	0.999949
54	C	X	0.000044	0.000004	0.999951
55	N	X	0.000044	0.000004	0.999952
56	F	X	0.000044	0.000004	0.999952
57	E	X	0.000044	0.000004	0.999952
58	T	X	0.000043	0.000005	0.999952
59	S	X	0.000043	0.000006	0.999952
60	L	X	0.000042	0.000006	0.999953
61	R	X	0.000039	0.000007	0.999953
62	I	X	0.000038	0.000006	0.999956
63	S	X	0.000036	0.000006	0.999958
64	L	X	0.000034	0.000006	0.999960
65	F	X	0.000032	0.000006	0.999962
66	T	X	0.000029	0.000006	0.999965
67	H	X	0.000026	0.000006	0.999968
68	V	X	0.000024	0.000006	0.999970
69	T	X	0.000023	0.000004	0.999973
70	T	X	0.000024	0.000002	0.999973
