# Name=Parent_mRNA.Tenebrio_molitor_scaffold_7.773.1
# pos	aa	SP	CS	OTHER
1	M	X	0.058455	0.000008	0.941537
2	P	X	0.058391	0.000019	0.941590
3	L	X	0.058336	0.000018	0.941646
4	V	X	0.058278	0.000024	0.941698
5	G	X	0.058208	0.000038	0.941754
6	A	X	0.058120	0.000057	0.941823
7	P	X	0.058028	0.000065	0.941907
8	L	X	0.057922	0.000079	0.941998
9	G	X	0.057693	0.000205	0.942103
10	A	X	0.057292	0.000377	0.942331
11	L	X	0.056982	0.000288	0.942730
12	I	X	0.056554	0.000406	0.943040
13	A	X	0.055661	0.000871	0.943469
14	A	X	0.054448	0.001191	0.944362
15	I	X	0.053939	0.000487	0.945573
16	L	X	0.053118	0.000800	0.946082
17	T	X	0.051410	0.001687	0.946902
18	D	X	0.050940	0.000453	0.948608
19	L	X	0.050074	0.000849	0.949078
20	V	X	0.049219	0.000838	0.949943
21	G	X	0.041167	0.008036	0.950797
22	R	X	0.032403	0.008753	0.958844
23	K	X	0.028062	0.004335	0.967603
24	T	X	0.026167	0.001891	0.971943
25	T	X	0.024675	0.001488	0.973837
26	T	X	0.019827	0.004847	0.975326
27	L	X	0.018329	0.001500	0.980171
28	L	X	0.017200	0.001132	0.981668
29	I	X	0.016396	0.000809	0.982796
30	A	X	0.015880	0.000520	0.983599
31	P	X	0.015291	0.000595	0.984114
32	V	X	0.015030	0.000268	0.984703
33	I	X	0.014700	0.000338	0.984962
34	L	X	0.014132	0.000577	0.985290
35	S	X	0.013330	0.000814	0.985856
36	S	X	0.012659	0.000683	0.986658
37	F	X	0.012251	0.000422	0.987327
38	V	X	0.011974	0.000291	0.987735
39	S	X	0.011582	0.000408	0.988010
40	I	X	0.011196	0.000404	0.988400
41	A	X	0.009865	0.001352	0.988784
42	F	X	0.009461	0.000424	0.990114
43	A	X	0.002794	0.006698	0.990507
44	R	X	0.002492	0.000311	0.997197
45	T	X	0.001877	0.000626	0.997497
46	I	X	0.001773	0.000111	0.998116
47	T	X	0.001651	0.000130	0.998219
48	V	X	0.001561	0.000098	0.998341
49	I	X	0.001482	0.000088	0.998430
50	S	X	0.001371	0.000121	0.998508
51	I	X	0.001288	0.000093	0.998619
52	V	X	0.001231	0.000067	0.998702
53	R	X	0.001149	0.000095	0.998756
54	F	X	0.001068	0.000094	0.998838
55	V	X	0.001006	0.000074	0.998920
56	I	X	0.000942	0.000078	0.998980
57	G	X	0.000833	0.000126	0.999042
58	A	X	0.000734	0.000116	0.999150
59	T	X	0.000673	0.000075	0.999253
60	E	X	0.000614	0.000072	0.999314
61	G	X	0.000500	0.000130	0.999370
62	A	X	0.000437	0.000075	0.999488
63	L	X	0.000385	0.000063	0.999552
64	Y	X	0.000335	0.000061	0.999604
65	T	X	0.000284	0.000061	0.999655
66	V	X	0.000242	0.000050	0.999707
67	L	X	0.000201	0.000051	0.999748
68	P	X	0.000157	0.000055	0.999788
69	I	X	0.000136	0.000029	0.999835
70	Y	X	0.000134	0.000012	0.999854
