# Name=Parent_mRNA.Tenebrio_molitor_scaffold_7.1109.1
# pos	aa	SP	CS	OTHER
1	M	X	0.008620	0.000003	0.991377
2	M	X	0.008589	0.000007	0.991404
3	T	X	0.008569	0.000005	0.991426
4	N	X	0.008548	0.000008	0.991445
5	G	X	0.008529	0.000007	0.991464
6	P	X	0.008505	0.000013	0.991482
7	T	X	0.008482	0.000015	0.991504
8	R	X	0.008433	0.000041	0.991526
9	K	X	0.008358	0.000068	0.991574
10	K	X	0.008271	0.000081	0.991648
11	V	X	0.008220	0.000046	0.991734
12	I	X	0.008135	0.000081	0.991784
13	A	X	0.007913	0.000218	0.991869
14	G	X	0.007691	0.000219	0.992090
15	Q	X	0.007447	0.000241	0.992311
16	C	X	0.007192	0.000254	0.992555
17	L	X	0.006948	0.000242	0.992810
18	A	X	0.006625	0.000322	0.993054
19	P	X	0.006464	0.000161	0.993376
20	E	X	0.006347	0.000116	0.993536
21	M	X	0.006235	0.000112	0.993652
22	A	X	0.006027	0.000210	0.993763
23	I	X	0.005859	0.000168	0.993972
24	S	X	0.003953	0.001909	0.994138
25	A	X	0.000936	0.003021	0.996044
26	D	X	0.000834	0.000102	0.999065
27	Y	X	0.000734	0.000100	0.999166
28	F	X	0.000682	0.000052	0.999266
29	E	X	0.000630	0.000053	0.999317
30	T	X	0.000576	0.000055	0.999369
31	E	X	0.000532	0.000045	0.999423
32	V	X	0.000487	0.000046	0.999466
33	H	X	0.000444	0.000045	0.999511
34	S	X	0.000391	0.000055	0.999554
35	P	X	0.000350	0.000042	0.999607
36	T	X	0.000321	0.000031	0.999648
37	D	X	0.000298	0.000025	0.999677
38	S	X	0.000257	0.000043	0.999700
39	S	X	0.000230	0.000029	0.999741
40	E	X	0.000203	0.000029	0.999769
41	D	X	0.000178	0.000026	0.999795
42	S	X	0.000154	0.000026	0.999820
43	V	X	0.000140	0.000016	0.999844
44	E	X	0.000122	0.000020	0.999858
45	V	X	0.000106	0.000018	0.999876
46	K	X	0.000089	0.000019	0.999892
47	I	X	0.000080	0.000011	0.999909
48	S	X	0.000071	0.000011	0.999918
49	P	X	0.000063	0.000010	0.999927
50	I	X	0.000058	0.000007	0.999935
51	C	X	0.000056	0.000005	0.999939
52	V	X	0.000053	0.000005	0.999942
53	R	X	0.000049	0.000006	0.999944
54	N	X	0.000046	0.000006	0.999948
55	K	X	0.000043	0.000006	0.999951
56	R	X	0.000041	0.000005	0.999954
57	K	X	0.000038	0.000005	0.999957
58	C	X	0.000035	0.000006	0.999959
59	A	X	0.000033	0.000005	0.999962
60	E	X	0.000032	0.000004	0.999964
61	P	X	0.000029	0.000005	0.999965
62	R	X	0.000026	0.000006	0.999968
63	K	X	0.000024	0.000005	0.999971
64	V	X	0.000022	0.000004	0.999974
65	Q	X	0.000021	0.000003	0.999976
66	E	X	0.000019	0.000005	0.999976
67	A	X	0.000016	0.000005	0.999979
68	A	X	0.000013	0.000004	0.999982
69	L	X	0.000011	0.000004	0.999985
70	S	X	0.000012	0.000001	0.999986
