# Name=Parent_mRNA.Tenebrio_molitor_scaffold_7.1447.1
# pos	aa	SP	CS	OTHER
1	M	X	0.008115	0.000002	0.991884
2	A	X	0.008090	0.000004	0.991906
3	Y	X	0.008076	0.000002	0.991922
4	N	X	0.008065	0.000001	0.991933
5	N	X	0.008055	0.000002	0.991943
6	T	X	0.008044	0.000004	0.991952
7	G	X	0.008024	0.000014	0.991962
8	T	X	0.008001	0.000018	0.991981
9	Y	X	0.007973	0.000024	0.992004
10	I	X	0.007934	0.000035	0.992031
11	L	X	0.007890	0.000041	0.992069
12	I	X	0.007848	0.000039	0.992113
13	P	X	0.007751	0.000095	0.992154
14	A	X	0.007624	0.000126	0.992250
15	D	X	0.007573	0.000051	0.992377
16	D	X	0.007485	0.000087	0.992427
17	I	X	0.007390	0.000096	0.992514
18	A	X	0.007256	0.000135	0.992608
19	L	X	0.007118	0.000141	0.992741
20	L	X	0.006923	0.000198	0.992879
21	A	X	0.006561	0.000365	0.993073
22	V	X	0.006498	0.000067	0.993435
23	T	X	0.006378	0.000124	0.993498
24	C	X	0.006195	0.000188	0.993617
25	I	X	0.006150	0.000052	0.993799
26	Q	X	0.006096	0.000060	0.993844
27	I	X	0.006041	0.000061	0.993898
28	A	X	0.005902	0.000146	0.993952
29	A	X	0.004651	0.001258	0.994091
30	I	X	0.004524	0.000133	0.995343
31	T	X	0.004284	0.000247	0.995469
32	G	X	0.003739	0.000552	0.995709
33	A	X	0.002846	0.000901	0.996253
34	L	X	0.002739	0.000115	0.997146
35	C	X	0.001304	0.001449	0.997247
36	R	X	0.001210	0.000101	0.998689
37	R	X	0.001054	0.000165	0.998781
38	V	X	0.001007	0.000054	0.998938
39	E	X	0.000954	0.000063	0.998984
40	S	X	0.000301	0.000667	0.999033
41	R	X	0.000256	0.000050	0.999694
42	Y	X	0.000227	0.000034	0.999739
43	Y	X	0.000202	0.000030	0.999768
44	A	X	0.000168	0.000039	0.999792
45	F	X	0.000155	0.000018	0.999827
46	I	X	0.000144	0.000016	0.999839
47	D	X	0.000141	0.000009	0.999850
48	W	X	0.000140	0.000008	0.999853
49	P	X	0.000134	0.000013	0.999853
50	G	X	0.000126	0.000016	0.999858
51	A	X	0.000113	0.000022	0.999865
52	A	X	0.000092	0.000030	0.999878
53	S	X	0.000083	0.000016	0.999901
54	P	X	0.000075	0.000014	0.999911
55	P	X	0.000071	0.000010	0.999919
56	P	X	0.000066	0.000010	0.999924
57	F	X	0.000062	0.000010	0.999928
58	V	X	0.000059	0.000008	0.999932
59	G	X	0.000058	0.000007	0.999935
60	P	X	0.000051	0.000013	0.999936
61	L	X	0.000047	0.000010	0.999943
62	T	X	0.000044	0.000008	0.999948
63	D	X	0.000042	0.000007	0.999951
64	I	X	0.000039	0.000008	0.999953
65	I	X	0.000038	0.000006	0.999956
66	N	X	0.000036	0.000006	0.999957
67	F	X	0.000032	0.000010	0.999958
68	C	X	0.000027	0.000010	0.999963
69	R	X	0.000024	0.000008	0.999968
70	S	X	0.000025	0.000003	0.999971
