# Name=Parent_mRNA.Tenebrio_molitor_scaffold_15.384.1
# pos	aa	SP	CS	OTHER
1	M	S	0.626882	0.000006	0.373112
2	G	S	0.626849	0.000012	0.373139
3	L	S	0.626822	0.000010	0.373168
4	V	S	0.626797	0.000011	0.373192
5	F	S	0.626766	0.000018	0.373216
6	F	S	0.626724	0.000031	0.373245
7	F	S	0.626686	0.000027	0.373287
8	L	S	0.626646	0.000027	0.373328
9	Y	S	0.626605	0.000024	0.373371
10	Q	S	0.626404	0.000179	0.373417
11	C	S	0.625959	0.000422	0.373619
12	L	S	0.624586	0.001339	0.374075
13	C	S	0.583976	0.040556	0.375468
14	Y	S	0.575576	0.008360	0.416064
15	N	S	0.545360	0.030169	0.424471
16	L	S	0.539047	0.006270	0.454683
17	C	C	0.405509	0.133477	0.461014
18	I	X	0.371770	0.033679	0.594552
19	I	X	0.300955	0.070760	0.628286
20	L	X	0.266401	0.034510	0.699089
21	N	X	0.221146	0.045216	0.733638
22	T	X	0.145732	0.075383	0.778885
23	K	X	0.127859	0.017850	0.854291
24	T	X	0.043443	0.084400	0.872157
25	E	X	0.037602	0.005830	0.956568
26	Y	X	0.027491	0.010106	0.962403
27	N	X	0.024517	0.002973	0.972510
28	L	X	0.022744	0.001775	0.975481
29	P	X	0.019535	0.003215	0.977250
30	E	X	0.017403	0.002140	0.980457
31	E	X	0.014833	0.002580	0.982587
32	A	X	0.011975	0.002869	0.985156
33	E	X	0.010406	0.001578	0.988016
34	H	X	0.008965	0.001451	0.989584
35	T	X	0.007270	0.001704	0.991025
36	A	X	0.006057	0.001222	0.992721
37	D	X	0.005434	0.000631	0.993935
38	F	X	0.004905	0.000537	0.994558
39	I	X	0.004566	0.000349	0.995086
40	L	X	0.004225	0.000352	0.995423
41	F	X	0.003840	0.000399	0.995762
42	M	X	0.003404	0.000450	0.996146
43	D	X	0.003122	0.000295	0.996583
44	E	X	0.002883	0.000252	0.996865
45	L	X	0.002627	0.000270	0.997102
46	F	X	0.002386	0.000256	0.997358
47	D	X	0.002170	0.000232	0.997598
48	S	X	0.001953	0.000234	0.997813
49	L	X	0.001782	0.000188	0.998030
50	N	X	0.001608	0.000192	0.998200
51	G	X	0.001459	0.000168	0.998374
52	N	X	0.001322	0.000155	0.998523
53	T	X	0.001195	0.000145	0.998660
54	K	X	0.001072	0.000140	0.998787
55	L	X	0.000956	0.000135	0.998909
56	A	X	0.000850	0.000123	0.999026
57	P	X	0.000750	0.000117	0.999133
58	Q	X	0.000650	0.000117	0.999233
59	G	X	0.000590	0.000074	0.999335
60	K	X	0.000531	0.000074	0.999395
61	P	X	0.000469	0.000077	0.999454
62	L	X	0.000414	0.000070	0.999517
63	K	X	0.000363	0.000065	0.999573
64	G	X	0.000314	0.000062	0.999624
65	G	X	0.000269	0.000058	0.999674
66	M	X	0.000221	0.000059	0.999719
67	S	X	0.000174	0.000058	0.999767
68	Q	X	0.000129	0.000055	0.999816
69	N	X	0.000093	0.000043	0.999863
70	S	X	0.000090	0.000010	0.999899
