# Name=Parent_mRNA.Tenebrio_molitor_scaffold_15.326.1
# pos	aa	SP	CS	OTHER
1	M	X	0.015360	0.000005	0.984635
2	Y	X	0.015319	0.000015	0.984666
3	F	X	0.015287	0.000015	0.984697
4	H	X	0.015270	0.000003	0.984727
5	L	X	0.015248	0.000009	0.984743
6	I	X	0.015232	0.000004	0.984764
7	Q	X	0.015203	0.000018	0.984779
8	A	X	0.015162	0.000031	0.984806
9	L	X	0.015140	0.000014	0.984846
10	N	X	0.015069	0.000064	0.984867
11	G	X	0.014956	0.000107	0.984937
12	H	X	0.014833	0.000118	0.985049
13	G	X	0.011053	0.003775	0.985172
14	C	X	0.009968	0.001082	0.988950
15	F	X	0.009087	0.000878	0.990035
16	N	X	0.007452	0.001634	0.990915
17	K	X	0.006851	0.000600	0.992549
18	L	X	0.006277	0.000574	0.993149
19	I	X	0.005816	0.000462	0.993722
20	Q	X	0.005311	0.000506	0.994183
21	N	X	0.004772	0.000541	0.994687
22	M	X	0.004329	0.000445	0.995227
23	K	X	0.003862	0.000468	0.995669
24	Q	X	0.003465	0.000399	0.996135
25	R	X	0.003046	0.000422	0.996532
26	K	X	0.002652	0.000396	0.996952
27	L	X	0.002308	0.000348	0.997345
28	G	X	0.001933	0.000378	0.997690
29	M	X	0.001647	0.000289	0.998065
30	Q	X	0.001331	0.000318	0.998351
31	V	X	0.001112	0.000222	0.998666
32	K	X	0.000896	0.000218	0.998885
33	T	X	0.000675	0.000224	0.999101
34	A	X	0.000503	0.000175	0.999322
35	I	X	0.000402	0.000104	0.999494
36	G	X	0.000383	0.000023	0.999594
