# Name=Parent_mRNA.Tenebrio_molitor_scaffold_16.169.1
# pos	aa	SP	CS	OTHER
1	M	X	0.024262	0.000010	0.975728
2	V	X	0.024210	0.000027	0.975763
3	F	X	0.024169	0.000023	0.975807
4	W	X	0.024133	0.000021	0.975846
5	S	X	0.024095	0.000025	0.975880
6	N	X	0.024044	0.000040	0.975916
7	E	X	0.023981	0.000053	0.975965
8	Q	X	0.023860	0.000113	0.976027
9	A	X	0.023482	0.000371	0.976147
10	C	X	0.022930	0.000545	0.976525
11	Y	X	0.022310	0.000616	0.977074
12	N	X	0.021583	0.000724	0.977692
13	T	X	0.020999	0.000583	0.978418
14	A	X	0.019934	0.001065	0.979001
15	G	X	0.018778	0.001156	0.980066
16	R	X	0.017579	0.001200	0.981221
17	G	X	0.016437	0.001144	0.982419
18	S	X	0.015322	0.001118	0.983560
19	A	X	0.013763	0.001562	0.984675
20	Q	X	0.012789	0.000977	0.986234
21	L	X	0.011947	0.000846	0.987207
22	T	X	0.011287	0.000664	0.988049
23	P	X	0.010565	0.000727	0.988708
24	H	X	0.009892	0.000678	0.989430
25	L	X	0.009266	0.000632	0.990102
26	F	X	0.008678	0.000593	0.990728
27	F	X	0.008203	0.000482	0.991316
28	Y	X	0.007860	0.000349	0.991791
29	Y	X	0.007584	0.000281	0.992134
30	T	X	0.007252	0.000339	0.992409
31	C	X	0.006923	0.000335	0.992742
32	L	X	0.006453	0.000475	0.993071
33	S	X	0.005443	0.001017	0.993540
34	S	X	0.004640	0.000808	0.994552
35	S	X	0.003480	0.001166	0.995354
36	F	X	0.003241	0.000246	0.996513
