# Name=Parent_mRNA.Tenebrio_molitor_scaffold_7.813.1
# pos	aa	SP	CS	OTHER
1	M	S	0.973661	0.000001	0.026338
2	N	S	0.973674	0.000003	0.026323
3	V	S	0.973688	0.000002	0.026310
4	V	S	0.973702	0.000001	0.026297
5	L	S	0.973715	0.000002	0.026282
6	A	S	0.973725	0.000005	0.026269
7	V	S	0.973735	0.000006	0.026259
8	F	S	0.973740	0.000009	0.026251
9	L	S	0.973736	0.000015	0.026249
10	G	S	0.973701	0.000043	0.026256
11	V	S	0.973616	0.000090	0.026294
12	V	S	0.973250	0.000366	0.026384
13	S	S	0.963109	0.010134	0.026757
14	I	S	0.955172	0.007928	0.036900
15	T	S	0.942620	0.012532	0.044847
16	V	S	0.926555	0.016025	0.057420
17	C	C	0.355746	0.570761	0.073494
18	M	X	0.114095	0.241629	0.644277
19	Y	X	0.103774	0.010286	0.885940
20	P	X	0.090955	0.012792	0.896253
21	P	X	0.077519	0.013415	0.909066
22	G	X	0.069021	0.008480	0.922499
23	P	X	0.063722	0.005285	0.930994
24	P	X	0.054745	0.008966	0.936289
25	P	X	0.045880	0.008859	0.945261
26	G	X	0.036642	0.009234	0.954124
27	N	X	0.030688	0.005951	0.963361
28	T	X	0.019787	0.010901	0.969312
29	T	X	0.016490	0.003298	0.980212
30	T	X	0.013706	0.002787	0.983507
31	S	X	0.010728	0.002983	0.986290
32	F	X	0.009321	0.001411	0.989268
33	P	X	0.007623	0.001704	0.990673
34	S	X	0.006160	0.001469	0.992371
35	S	X	0.005038	0.001128	0.993834
36	S	X	0.003760	0.001284	0.994956
37	S	X	0.002861	0.000905	0.996234
38	T	X	0.002275	0.000591	0.997134
39	T	X	0.001900	0.000380	0.997720
40	W	X	0.001612	0.000295	0.998094
41	R	X	0.001294	0.000324	0.998382
42	P	X	0.001010	0.000290	0.998700
43	L	X	0.000851	0.000164	0.998985
44	P	X	0.000741	0.000114	0.999144
45	P	X	0.000573	0.000174	0.999253
46	T	X	0.000490	0.000088	0.999422
47	E	X	0.000434	0.000061	0.999505
48	P	X	0.000326	0.000114	0.999560
49	S	X	0.000252	0.000079	0.999669
50	E	X	0.000198	0.000059	0.999744
51	K	X	0.000139	0.000064	0.999797
52	I	X	0.000124	0.000019	0.999857
53	V	X	0.000111	0.000018	0.999871
54	C	X	0.000099	0.000018	0.999883
55	N	X	0.000094	0.000012	0.999894
56	S	X	0.000086	0.000015	0.999898
57	Y	X	0.000083	0.000011	0.999905
58	R	X	0.000077	0.000015	0.999908
59	D	X	0.000074	0.000012	0.999914
60	I	X	0.000070	0.000012	0.999918
61	S	X	0.000063	0.000016	0.999921
62	A	X	0.000052	0.000020	0.999928
63	D	X	0.000048	0.000010	0.999942
64	F	X	0.000046	0.000007	0.999947
65	P	X	0.000043	0.000009	0.999948
66	V	X	0.000040	0.000008	0.999952
67	H	X	0.000036	0.000011	0.999953
68	G	X	0.000026	0.000015	0.999958
69	D	X	0.000022	0.000009	0.999970
70	M	X	0.000023	0.000003	0.999975
