# Name=Parent_mRNA.Tenebrio_molitor_scaffold_7.1601.1
# pos	aa	SP	CS	OTHER
1	M	X	0.027156	0.000002	0.972842
2	A	X	0.027135	0.000004	0.972860
3	N	X	0.027126	0.000002	0.972873
4	V	X	0.027118	0.000001	0.972881
5	T	X	0.027111	0.000002	0.972887
6	N	X	0.027102	0.000005	0.972893
7	M	X	0.027093	0.000006	0.972901
8	K	X	0.027085	0.000005	0.972910
9	I	X	0.027079	0.000004	0.972917
10	L	X	0.027073	0.000005	0.972922
11	V	X	0.027067	0.000006	0.972927
12	K	X	0.027063	0.000004	0.972932
13	I	X	0.027055	0.000009	0.972936
14	S	X	0.027044	0.000013	0.972943
15	H	X	0.027029	0.000017	0.972954
16	W	X	0.027003	0.000029	0.972968
17	I	X	0.026973	0.000033	0.972995
18	C	X	0.026884	0.000091	0.973025
19	L	X	0.026708	0.000177	0.973115
20	F	X	0.026537	0.000171	0.973292
21	P	X	0.026000	0.000537	0.973463
22	L	X	0.025627	0.000371	0.974001
23	N	X	0.025294	0.000330	0.974376
24	M	X	0.024342	0.000947	0.974710
25	D	X	0.024007	0.000331	0.975662
26	T	X	0.021169	0.002835	0.975996
27	S	X	0.017468	0.003699	0.978833
28	K	X	0.008512	0.008955	0.982533
29	N	X	0.001971	0.006543	0.991486
30	K	X	0.001685	0.000287	0.998029
31	P	X	0.001361	0.000325	0.998315
32	V	X	0.001153	0.000209	0.998638
33	F	X	0.001024	0.000130	0.998846
34	K	X	0.000834	0.000193	0.998973
35	L	X	0.000708	0.000129	0.999163
36	G	X	0.000574	0.000137	0.999289
37	K	X	0.000509	0.000067	0.999424
38	K	X	0.000424	0.000088	0.999487
39	C	X	0.000393	0.000035	0.999572
40	Y	X	0.000373	0.000024	0.999603
41	F	X	0.000339	0.000040	0.999622
42	A	X	0.000300	0.000044	0.999656
43	R	X	0.000271	0.000034	0.999695
44	V	X	0.000257	0.000019	0.999724
45	V	X	0.000246	0.000017	0.999738
46	L	X	0.000227	0.000025	0.999748
47	L	X	0.000211	0.000023	0.999767
48	D	X	0.000200	0.000017	0.999783
49	S	X	0.000179	0.000029	0.999792
50	I	X	0.000173	0.000012	0.999815
51	I	X	0.000167	0.000013	0.999820
52	V	X	0.000160	0.000014	0.999826
53	A	X	0.000129	0.000040	0.999831
54	C	X	0.000111	0.000026	0.999862
55	I	X	0.000105	0.000013	0.999883
56	V	X	0.000099	0.000012	0.999889
57	K	X	0.000096	0.000009	0.999896
58	N	X	0.000086	0.000017	0.999898
59	C	X	0.000074	0.000017	0.999909
60	Y	X	0.000071	0.000008	0.999921
61	D	X	0.000068	0.000008	0.999924
62	T	X	0.000066	0.000008	0.999926
63	L	X	0.000064	0.000008	0.999928
64	E	X	0.000059	0.000012	0.999930
65	S	X	0.000050	0.000015	0.999934
66	N	X	0.000045	0.000011	0.999944
67	M	X	0.000038	0.000012	0.999950
68	S	X	0.000030	0.000013	0.999957
69	L	X	0.000024	0.000010	0.999966
70	K	X	0.000025	0.000003	0.999971
