# Name=Parent_mRNA.Tenebrio_molitor_scaffold_16.245.1
# pos	aa	SP	CS	OTHER
1	M	S	0.993981	0.000002	0.006016
2	W	S	0.994005	0.000004	0.005992
3	T	S	0.994032	0.000001	0.005967
4	P	S	0.994056	0.000001	0.005943
5	S	S	0.994079	0.000002	0.005919
6	I	S	0.994104	0.000001	0.005895
7	F	S	0.994127	0.000003	0.005870
8	A	S	0.994142	0.000010	0.005848
9	F	S	0.994164	0.000004	0.005832
10	L	S	0.994173	0.000013	0.005814
11	A	S	0.994164	0.000027	0.005809
12	V	S	0.994145	0.000034	0.005820
13	F	S	0.994085	0.000072	0.005844
14	V	S	0.993840	0.000251	0.005909
15	T	S	0.993077	0.000765	0.006157
16	G	S	0.970133	0.022940	0.006926
17	I	S	0.968246	0.001887	0.029867
18	N	S	0.956161	0.012072	0.031766
19	S	C	0.122263	0.833886	0.043852
20	D	X	0.119268	0.003002	0.877730
21	C	X	0.012343	0.106926	0.880731
22	N	X	0.008638	0.003700	0.987661
23	K	X	0.005124	0.003512	0.991364
24	N	X	0.003648	0.001475	0.994877
25	F	X	0.002940	0.000708	0.996353
26	I	X	0.002571	0.000369	0.997060
27	P	X	0.002183	0.000389	0.997428
28	D	X	0.001907	0.000278	0.997815
29	L	X	0.001655	0.000256	0.998090
30	S	X	0.001410	0.000248	0.998342
31	Y	X	0.001245	0.000169	0.998586
32	K	X	0.001023	0.000227	0.998750
33	L	X	0.000867	0.000160	0.998973
34	S	X	0.000720	0.000151	0.999129
35	G	X	0.000587	0.000138	0.999275
36	T	X	0.000514	0.000077	0.999408
37	N	X	0.000452	0.000067	0.999481
38	L	X	0.000379	0.000078	0.999543
39	A	X	0.000294	0.000091	0.999616
40	F	X	0.000272	0.000026	0.999702
41	P	X	0.000217	0.000059	0.999723
42	C	X	0.000194	0.000028	0.999778
43	E	X	0.000176	0.000023	0.999801
44	A	X	0.000132	0.000050	0.999817
45	T	X	0.000119	0.000018	0.999863
46	K	X	0.000105	0.000019	0.999877
47	N	X	0.000093	0.000015	0.999891
48	I	X	0.000090	0.000007	0.999903
49	Y	X	0.000085	0.000010	0.999905
50	L	X	0.000080	0.000011	0.999909
51	Q	X	0.000076	0.000010	0.999914
52	T	X	0.000070	0.000011	0.999918
53	G	X	0.000066	0.000010	0.999924
54	R	X	0.000061	0.000011	0.999928
55	Y	X	0.000058	0.000009	0.999933
56	V	X	0.000058	0.000006	0.999936
57	P	X	0.000056	0.000008	0.999935
58	K	X	0.000054	0.000010	0.999937
59	N	X	0.000052	0.000008	0.999940
60	V	X	0.000052	0.000007	0.999941
61	I	X	0.000052	0.000008	0.999940
62	G	X	0.000048	0.000011	0.999941
63	T	X	0.000046	0.000009	0.999945
64	R	X	0.000042	0.000011	0.999947
65	I	X	0.000039	0.000009	0.999952
66	Q	X	0.000035	0.000010	0.999955
67	I	X	0.000030	0.000010	0.999960
68	F	X	0.000023	0.000011	0.999965
69	K	X	0.000017	0.000010	0.999973
70	D	X	0.000019	0.000003	0.999979
