# Name=Parent_mRNA.Tenebrio_molitor_scaffold_7.199.1
# pos	aa	SP	CS	OTHER
1	M	X	0.007295	0.000007	0.992698
2	P	X	0.007237	0.000011	0.992752
3	V	X	0.007191	0.000006	0.992803
4	C	X	0.007149	0.000005	0.992846
5	G	X	0.007109	0.000005	0.992886
6	P	X	0.007063	0.000013	0.992924
7	T	X	0.007013	0.000019	0.992968
8	C	X	0.006963	0.000021	0.993016
9	S	X	0.006904	0.000031	0.993065
10	L	X	0.006814	0.000063	0.993122
11	C	X	0.006727	0.000064	0.993210
12	G	X	0.006642	0.000063	0.993296
13	I	X	0.006581	0.000042	0.993378
14	I	X	0.006532	0.000031	0.993437
15	L	X	0.006486	0.000030	0.993484
16	S	X	0.006416	0.000054	0.993530
17	V	X	0.006359	0.000042	0.993598
18	W	X	0.006291	0.000054	0.993655
19	G	X	0.005407	0.000871	0.993722
20	V	X	0.005303	0.000094	0.994602
21	I	X	0.005193	0.000103	0.994704
22	Q	X	0.004978	0.000209	0.994812
23	L	X	0.004737	0.000238	0.995025
24	G	X	0.004434	0.000302	0.995263
25	L	X	0.004199	0.000236	0.995565
26	M	X	0.003349	0.000853	0.995798
27	G	X	0.002216	0.001142	0.996642
28	V	X	0.002090	0.000137	0.997772
29	F	X	0.002049	0.000060	0.997891
30	F	X	0.002049	0.000027	0.997924
31	Y	X	0.002071	0.000015	0.997914
32	I	X	0.002103	0.000013	0.997884
33	H	X	0.002132	0.000019	0.997849
34	S	X	0.001942	0.000239	0.997819
35	F	X	0.001961	0.000032	0.998007
36	A	X	0.001701	0.000309	0.997990
37	F	X	0.001705	0.000042	0.998252
38	A	X	0.000196	0.001578	0.998226
39	D	X	0.000185	0.000018	0.999797
40	D	X	0.000174	0.000019	0.999807
41	I	X	0.000169	0.000014	0.999818
42	G	X	0.000161	0.000017	0.999821
43	V	X	0.000160	0.000012	0.999828
44	E	X	0.000156	0.000016	0.999829
45	L	X	0.000149	0.000020	0.999831
46	K	X	0.000145	0.000016	0.999839
47	M	X	0.000147	0.000012	0.999842
48	P	X	0.000144	0.000017	0.999839
49	E	X	0.000146	0.000013	0.999841
50	E	X	0.000146	0.000015	0.999839
51	I	X	0.000150	0.000012	0.999838
52	N	X	0.000149	0.000018	0.999833
53	A	X	0.000138	0.000031	0.999830
54	T	X	0.000142	0.000014	0.999845
55	T	X	0.000138	0.000022	0.999841
56	A	X	0.000131	0.000025	0.999844
57	K	X	0.000127	0.000020	0.999853
58	K	X	0.000118	0.000025	0.999857
59	A	X	0.000110	0.000023	0.999867
60	I	X	0.000105	0.000017	0.999877
61	D	X	0.000100	0.000018	0.999883
62	Q	X	0.000092	0.000020	0.999888
63	F	X	0.000086	0.000017	0.999896
64	N	X	0.000079	0.000017	0.999903
65	D	X	0.000074	0.000015	0.999911
66	D	X	0.000065	0.000018	0.999917
67	V	X	0.000056	0.000016	0.999927
68	D	X	0.000046	0.000017	0.999936
69	R	X	0.000038	0.000015	0.999947
70	V	X	0.000040	0.000004	0.999956
