# Name=Parent_mRNA.Tenebrio_molitor_scaffold_7.817.1
# pos	aa	SP	CS	OTHER
1	L	X	0.045158	0.000003	0.954839
2	D	X	0.045128	0.000004	0.954868
3	K	X	0.045107	0.000002	0.954891
4	L	X	0.045090	0.000001	0.954909
5	K	X	0.045073	0.000002	0.954925
6	C	X	0.045056	0.000004	0.954941
7	T	X	0.045037	0.000007	0.954956
8	L	X	0.045017	0.000010	0.954973
9	C	X	0.044974	0.000033	0.954992
10	G	X	0.044906	0.000060	0.955034
11	Q	X	0.044832	0.000068	0.955100
12	Y	X	0.044757	0.000071	0.955172
13	L	X	0.044635	0.000119	0.955246
14	S	X	0.044310	0.000322	0.955368
15	Y	X	0.043803	0.000505	0.955692
16	F	X	0.043580	0.000222	0.956198
17	P	X	0.043188	0.000392	0.956420
18	I	X	0.042749	0.000440	0.956812
19	S	X	0.041899	0.000849	0.957252
20	V	X	0.040472	0.001424	0.958104
21	S	X	0.032889	0.007579	0.959531
22	V	X	0.029456	0.003429	0.967115
23	N	X	0.027773	0.001680	0.970547
24	N	X	0.018140	0.009632	0.972227
25	Q	X	0.016685	0.001454	0.981861
26	S	X	0.012888	0.003798	0.983314
27	S	X	0.011859	0.001028	0.987113
28	F	X	0.011059	0.000801	0.988140
29	C	X	0.001946	0.009119	0.988935
30	G	X	0.001644	0.000303	0.998053
31	R	X	0.001286	0.000360	0.998354
32	C	X	0.000674	0.000615	0.998711
33	E	X	0.000568	0.000108	0.999324
34	V	X	0.000514	0.000056	0.999430
35	P	X	0.000430	0.000086	0.999484
36	Q	X	0.000337	0.000096	0.999567
37	S	X	0.000260	0.000079	0.999661
38	T	X	0.000228	0.000034	0.999738
39	Q	X	0.000194	0.000036	0.999770
40	C	X	0.000161	0.000036	0.999803
41	I	X	0.000149	0.000015	0.999836
42	K	X	0.000136	0.000016	0.999848
43	N	X	0.000122	0.000017	0.999861
44	I	X	0.000115	0.000010	0.999875
45	S	X	0.000104	0.000016	0.999880
46	F	X	0.000095	0.000013	0.999892
47	E	X	0.000081	0.000018	0.999901
48	A	X	0.000069	0.000016	0.999915
49	I	X	0.000062	0.000010	0.999928
50	C	X	0.000053	0.000013	0.999934
51	E	X	0.000049	0.000007	0.999944
52	L	X	0.000045	0.000008	0.999948
53	I	X	0.000043	0.000005	0.999952
54	N	X	0.000041	0.000005	0.999954
55	F	X	0.000042	0.000002	0.999956
56	P	X	0.000041	0.000005	0.999954
57	C	X	0.000039	0.000005	0.999955
58	R	X	0.000038	0.000005	0.999956
59	Y	X	0.000037	0.000006	0.999957
60	D	X	0.000036	0.000006	0.999958
61	S	X	0.000035	0.000006	0.999960
62	E	X	0.000033	0.000006	0.999961
63	G	X	0.000030	0.000008	0.999962
64	C	X	0.000029	0.000005	0.999966
65	H	X	0.000027	0.000006	0.999967
66	E	X	0.000024	0.000007	0.999969
67	Q	X	0.000021	0.000007	0.999972
68	L	X	0.000018	0.000007	0.999976
69	F	X	0.000016	0.000004	0.999979
70	P	X	0.000019	0.000002	0.999980
