# Name=Parent_mRNA.Tenebrio_molitor_scaffold_7.1500.1
# pos	aa	SP	CS	OTHER
1	M	S	0.976287	0.000003	0.023710
2	A	S	0.976308	0.000007	0.023685
3	F	S	0.976333	0.000006	0.023661
4	K	S	0.976352	0.000012	0.023636
5	S	S	0.976367	0.000016	0.023617
6	C	S	0.976379	0.000024	0.023598
7	V	S	0.976377	0.000038	0.023585
8	F	S	0.976382	0.000036	0.023581
9	R	S	0.976398	0.000027	0.023575
10	K	S	0.976402	0.000040	0.023559
11	N	S	0.976421	0.000031	0.023548
12	W	S	0.976441	0.000030	0.023529
13	L	S	0.976440	0.000053	0.023507
14	V	S	0.976466	0.000031	0.023504
15	I	S	0.976484	0.000033	0.023483
16	A	S	0.976341	0.000190	0.023469
17	V	S	0.976314	0.000072	0.023613
18	I	S	0.976191	0.000159	0.023650
19	V	S	0.975980	0.000238	0.023782
20	M	S	0.974400	0.001595	0.024005
21	C	S	0.967237	0.007169	0.025593
22	L	S	0.962680	0.004554	0.032765
23	C	S	0.796492	0.166161	0.037347
24	T	S	0.754763	0.041691	0.203547
25	E	S	0.711675	0.043024	0.245302
26	Y	S	0.695098	0.016524	0.288377
27	Y	S	0.690706	0.004346	0.304948
28	C	S	0.544678	0.145970	0.309352
29	Q	S	0.537858	0.006807	0.455334
30	C	C	0.073656	0.464226	0.462118
31	A	X	0.054607	0.019048	0.926345
32	G	X	0.022490	0.032123	0.945387
33	G	X	0.005070	0.017426	0.977504
34	T	X	0.003211	0.001858	0.994932
35	D	X	0.002231	0.000980	0.996789
36	C	X	0.000969	0.001264	0.997767
37	T	X	0.000678	0.000291	0.999031
38	S	X	0.000450	0.000230	0.999320
39	C	X	0.000296	0.000156	0.999548
40	T	X	0.000228	0.000070	0.999702
41	Q	X	0.000172	0.000058	0.999770
42	G	X	0.000097	0.000078	0.999826
43	C	X	0.000072	0.000026	0.999902
44	T	X	0.000067	0.000007	0.999927
45	G	X	0.000054	0.000015	0.999931
46	C	X	0.000046	0.000009	0.999945
47	G	X	0.000046	0.000003	0.999952
48	N	X	0.000044	0.000005	0.999951
49	C	X	0.000042	0.000007	0.999951
50	A	X	0.000042	0.000005	0.999953
51	N	X	0.000036	0.000012	0.999952
52	A	X	0.000024	0.000018	0.999958
53	L	X	0.000023	0.000004	0.999973
54	T	X	0.000019	0.000006	0.999975
55	C	X	0.000016	0.000006	0.999978
56	T	X	0.000016	0.000003	0.999981
57	D	X	0.000016	0.000004	0.999980
58	S	X	0.000015	0.000005	0.999980
59	G	X	0.000016	0.000002	0.999982
60	N	X	0.000017	0.000003	0.999980
61	C	X	0.000017	0.000004	0.999978
62	V	X	0.000020	0.000002	0.999978
63	N	X	0.000020	0.000006	0.999974
64	A	X	0.000016	0.000011	0.999973
65	L	X	0.000017	0.000004	0.999980
66	T	X	0.000016	0.000005	0.999979
67	C	X	0.000013	0.000006	0.999980
68	T	X	0.000013	0.000005	0.999983
69	R	X	0.000010	0.000007	0.999983
70	S	X	0.000012	0.000002	0.999986
