# Name=Parent_mRNA.Tenebrio_molitor_scaffold_7.63.1
# pos	aa	SP	CS	OTHER
1	M	S	0.981791	0.000003	0.018206
2	M	S	0.981820	0.000004	0.018176
3	D	S	0.981852	0.000002	0.018145
4	T	S	0.981882	0.000002	0.018115
5	I	S	0.981912	0.000002	0.018086
6	I	S	0.981940	0.000004	0.018056
7	V	S	0.981969	0.000004	0.018027
8	L	S	0.981998	0.000004	0.017998
9	L	S	0.982024	0.000005	0.017971
10	V	S	0.982045	0.000006	0.017949
11	V	S	0.982048	0.000018	0.017934
12	G	S	0.981941	0.000123	0.017936
13	L	S	0.981805	0.000148	0.018047
14	V	S	0.980579	0.001232	0.018189
15	A	S	0.969218	0.011361	0.019421
16	R	S	0.959202	0.010013	0.030785
17	T	S	0.791220	0.167974	0.040806
18	L	S	0.785961	0.005278	0.208760
19	S	C	0.130898	0.655060	0.214041
20	F	X	0.105669	0.025239	0.869093
21	E	X	0.083444	0.022222	0.894334
22	A	X	0.023056	0.060391	0.916553
23	C	X	0.017176	0.005878	0.976946
24	S	X	0.006742	0.010434	0.982824
25	E	X	0.004685	0.002057	0.993258
26	N	X	0.003231	0.001455	0.995314
27	L	X	0.002455	0.000777	0.996768
28	Y	X	0.002162	0.000294	0.997544
29	P	X	0.001925	0.000239	0.997836
30	P	X	0.001725	0.000203	0.998072
31	I	X	0.001589	0.000139	0.998272
32	W	X	0.001459	0.000135	0.998406
33	R	X	0.001220	0.000246	0.998534
34	T	X	0.001092	0.000135	0.998773
35	V	X	0.001007	0.000092	0.998901
36	N	X	0.000836	0.000181	0.998984
37	A	X	0.000619	0.000227	0.999154
38	N	X	0.000537	0.000089	0.999374
39	G	X	0.000428	0.000116	0.999457
40	V	X	0.000376	0.000057	0.999567
41	S	X	0.000331	0.000050	0.999618
42	Q	X	0.000279	0.000059	0.999663
43	G	X	0.000232	0.000052	0.999716
44	G	X	0.000202	0.000035	0.999763
45	S	X	0.000183	0.000024	0.999793
46	V	X	0.000174	0.000014	0.999812
47	L	X	0.000163	0.000017	0.999820
48	I	X	0.000147	0.000024	0.999829
49	G	X	0.000128	0.000026	0.999846
50	E	X	0.000116	0.000019	0.999865
51	D	X	0.000103	0.000019	0.999877
52	K	X	0.000087	0.000022	0.999891
53	E	X	0.000074	0.000018	0.999907
54	S	X	0.000065	0.000014	0.999921
55	G	X	0.000056	0.000013	0.999931
56	C	X	0.000054	0.000005	0.999941
57	V	X	0.000053	0.000005	0.999941
58	C	X	0.000052	0.000007	0.999940
59	R	X	0.000050	0.000009	0.999941
60	E	X	0.000049	0.000008	0.999943
61	F	X	0.000048	0.000007	0.999945
62	P	X	0.000045	0.000010	0.999946
63	A	X	0.000040	0.000011	0.999949
64	S	X	0.000038	0.000008	0.999954
65	Y	X	0.000034	0.000010	0.999957
66	S	X	0.000029	0.000009	0.999961
67	F	X	0.000026	0.000008	0.999966
68	C	X	0.000022	0.000009	0.999969
69	F	X	0.000020	0.000008	0.999973
70	G	X	0.000024	0.000004	0.999972
