# Name=Parent_mRNA.Tenebrio_molitor_scaffold_7.617.1
# pos	aa	SP	CS	OTHER
1	Q	X	0.158978	0.000006	0.841016
2	I	X	0.158947	0.000006	0.841047
3	F	X	0.158929	0.000003	0.841069
4	I	X	0.158914	0.000002	0.841084
5	K	X	0.158902	0.000003	0.841095
6	K	X	0.158892	0.000005	0.841103
7	Y	X	0.158883	0.000007	0.841111
8	S	X	0.158872	0.000011	0.841118
9	I	X	0.158867	0.000007	0.841126
10	Y	X	0.158860	0.000012	0.841128
11	I	X	0.158854	0.000014	0.841131
12	R	X	0.158846	0.000021	0.841132
13	K	X	0.158812	0.000053	0.841136
14	L	X	0.158780	0.000053	0.841167
15	P	X	0.158710	0.000094	0.841195
16	L	X	0.158656	0.000082	0.841262
17	F	X	0.158623	0.000062	0.841314
18	Y	X	0.158590	0.000062	0.841347
19	L	X	0.158538	0.000082	0.841381
20	F	X	0.158510	0.000056	0.841434
21	T	X	0.158466	0.000071	0.841462
22	P	X	0.158311	0.000181	0.841508
23	C	X	0.157462	0.000867	0.841671
24	G	X	0.154443	0.003030	0.842526
25	E	X	0.150318	0.004137	0.845545
26	T	X	0.063140	0.087205	0.849655
27	F	X	0.062241	0.000926	0.936834
28	S	X	0.004907	0.057379	0.937713
29	L	X	0.003777	0.001132	0.995091
30	N	X	0.002823	0.000957	0.996220
31	F	X	0.002497	0.000328	0.997175
32	Y	X	0.002291	0.000208	0.997500
33	T	X	0.002039	0.000256	0.997705
34	F	X	0.001934	0.000108	0.997957
35	N	X	0.001763	0.000176	0.998061
36	V	X	0.001646	0.000123	0.998231
37	I	X	0.001522	0.000130	0.998348
38	K	X	0.001376	0.000154	0.998470
39	L	X	0.001248	0.000136	0.998617
40	L	X	0.001132	0.000123	0.998745
41	Q	X	0.000991	0.000149	0.998860
42	L	X	0.000879	0.000119	0.999002
43	Q	X	0.000797	0.000089	0.999115
44	I	X	0.000723	0.000080	0.999197
45	I	X	0.000669	0.000060	0.999271
46	K	X	0.000576	0.000101	0.999323
47	M	X	0.000480	0.000103	0.999417
48	H	X	0.000408	0.000077	0.999515
49	N	X	0.000356	0.000057	0.999587
50	D	X	0.000323	0.000038	0.999639
51	C	X	0.000287	0.000042	0.999671
52	S	X	0.000260	0.000033	0.999707
53	F	X	0.000243	0.000024	0.999733
54	G	X	0.000204	0.000047	0.999748
55	C	X	0.000191	0.000020	0.999789
56	E	X	0.000180	0.000020	0.999800
57	S	X	0.000158	0.000033	0.999809
58	A	X	0.000144	0.000023	0.999833
59	T	X	0.000132	0.000020	0.999848
60	L	X	0.000120	0.000020	0.999859
61	E	X	0.000110	0.000019	0.999872
62	K	X	0.000097	0.000021	0.999882
63	Y	X	0.000089	0.000015	0.999896
64	S	X	0.000078	0.000017	0.999905
65	C	X	0.000070	0.000014	0.999916
66	K	X	0.000063	0.000013	0.999924
67	H	X	0.000054	0.000014	0.999931
68	C	X	0.000046	0.000014	0.999941
69	N	X	0.000038	0.000013	0.999949
70	F	X	0.000039	0.000004	0.999957
