# Name=Parent_mRNA.Tenebrio_molitor_scaffold_15.34.1
# pos	aa	SP	CS	OTHER
1	M	X	0.008451	0.000002	0.991547
2	S	X	0.008424	0.000004	0.991571
3	Y	X	0.008401	0.000007	0.991592
4	C	X	0.008379	0.000007	0.991613
5	L	X	0.008343	0.000023	0.991634
6	G	X	0.008304	0.000027	0.991669
7	F	X	0.008259	0.000035	0.991707
8	G	X	0.008174	0.000075	0.991751
9	I	X	0.008094	0.000071	0.991835
10	L	X	0.007978	0.000108	0.991914
11	M	X	0.007893	0.000078	0.992029
12	P	X	0.007695	0.000193	0.992112
13	T	X	0.007526	0.000165	0.992309
14	K	X	0.007297	0.000227	0.992476
15	D	X	0.007021	0.000275	0.992705
16	D	X	0.006845	0.000175	0.992979
17	I	X	0.006661	0.000185	0.993153
18	S	X	0.006396	0.000267	0.993337
19	F	X	0.006031	0.000367	0.993602
20	G	X	0.004191	0.001843	0.993966
21	S	X	0.003862	0.000332	0.995806
22	H	X	0.003584	0.000281	0.996135
23	S	X	0.002724	0.000865	0.996411
24	R	X	0.002488	0.000240	0.997272
25	R	X	0.002205	0.000288	0.997507
26	L	X	0.001997	0.000212	0.997790
27	E	X	0.001818	0.000185	0.997998
28	A	X	0.001423	0.000401	0.998177
29	I	X	0.001281	0.000145	0.998574
30	S	X	0.001115	0.000171	0.998715
31	N	X	0.000979	0.000139	0.998882
32	S	X	0.000879	0.000104	0.999017
33	P	X	0.000772	0.000111	0.999117
34	L	X	0.000679	0.000097	0.999224
35	N	X	0.000591	0.000092	0.999317
36	G	X	0.000489	0.000106	0.999405
37	K	X	0.000403	0.000090	0.999507
38	F	X	0.000325	0.000082	0.999593
39	L	X	0.000245	0.000084	0.999671
40	S	X	0.000188	0.000061	0.999751
41	A	X	0.000184	0.000009	0.999808
