# Name=Parent_mRNA.Tenebrio_molitor_scaffold_7.1506.1
# pos	aa	SP	CS	OTHER
1	M	S	0.990988	0.000002	0.009011
2	A	S	0.991009	0.000005	0.008986
3	F	S	0.991036	0.000003	0.008961
4	K	S	0.991058	0.000007	0.008936
5	T	S	0.991084	0.000006	0.008910
6	C	S	0.991108	0.000009	0.008884
7	A	S	0.991129	0.000013	0.008859
8	F	S	0.991148	0.000017	0.008835
9	T	S	0.991171	0.000017	0.008812
10	K	S	0.991187	0.000023	0.008790
11	N	S	0.991210	0.000018	0.008772
12	W	S	0.991234	0.000018	0.008747
13	L	S	0.991247	0.000031	0.008722
14	V	S	0.991279	0.000016	0.008705
15	I	S	0.991304	0.000018	0.008678
16	A	S	0.991264	0.000078	0.008659
17	V	S	0.991264	0.000034	0.008702
18	I	S	0.991202	0.000087	0.008711
19	V	S	0.991073	0.000147	0.008779
20	M	S	0.990095	0.000988	0.008917
21	C	S	0.983246	0.006852	0.009902
22	L	S	0.979316	0.003922	0.016762
23	C	C	0.566806	0.412468	0.020725
24	A	X	0.383038	0.183720	0.433242
25	E	X	0.322791	0.060168	0.617041
26	Y	X	0.294395	0.028328	0.677278
27	N	X	0.284308	0.010029	0.705662
28	C	X	0.174747	0.109496	0.715757
29	Q	X	0.166205	0.008507	0.825288
30	C	X	0.036770	0.129424	0.833806
31	T	X	0.031927	0.004834	0.963239
32	G	X	0.021016	0.010910	0.968074
33	G	X	0.008391	0.012627	0.978982
34	A	X	0.003651	0.004740	0.991609
35	D	X	0.002656	0.000995	0.996350
36	C	X	0.001395	0.001262	0.997343
37	T	X	0.001137	0.000259	0.998605
38	S	X	0.000904	0.000234	0.998862
39	C	X	0.000699	0.000207	0.999094
40	T	X	0.000590	0.000110	0.999299
41	Q	X	0.000428	0.000164	0.999408
42	A	X	0.000239	0.000192	0.999569
43	C	X	0.000183	0.000057	0.999760
44	T	X	0.000159	0.000025	0.999816
45	G	X	0.000110	0.000051	0.999840
46	C	X	0.000080	0.000031	0.999889
47	G	X	0.000070	0.000011	0.999919
48	N	X	0.000055	0.000017	0.999928
49	C	X	0.000050	0.000007	0.999943
50	P	X	0.000046	0.000007	0.999947
51	N	X	0.000037	0.000012	0.999951
52	A	X	0.000031	0.000009	0.999960
53	T	X	0.000029	0.000004	0.999967
54	T	X	0.000027	0.000005	0.999968
55	C	X	0.000024	0.000005	0.999971
56	T	X	0.000024	0.000003	0.999973
57	N	X	0.000022	0.000006	0.999972
58	S	X	0.000020	0.000007	0.999974
59	Q	X	0.000020	0.000003	0.999977
60	N	X	0.000020	0.000004	0.999976
61	C	X	0.000020	0.000004	0.999976
62	V	X	0.000022	0.000003	0.999975
63	K	X	0.000021	0.000007	0.999972
64	A	X	0.000016	0.000013	0.999972
65	A	X	0.000015	0.000004	0.999980
66	T	X	0.000013	0.000005	0.999982
67	C	X	0.000011	0.000005	0.999983
68	T	X	0.000010	0.000004	0.999986
69	G	X	0.000008	0.000005	0.999987
70	S	X	0.000010	0.000001	0.999988
