# Name=Parent_mRNA.Tenebrio_molitor_scaffold_7.810.1
# pos	aa	SP	CS	OTHER
1	M	X	0.018005	0.000006	0.981989
2	D	X	0.017959	0.000021	0.982020
3	C	X	0.017934	0.000010	0.982056
4	K	X	0.017903	0.000019	0.982078
5	T	X	0.017860	0.000032	0.982107
6	C	X	0.017756	0.000096	0.982148
7	G	X	0.017515	0.000235	0.982251
8	K	X	0.017273	0.000236	0.982491
9	D	X	0.017054	0.000213	0.982732
10	A	X	0.016749	0.000301	0.982950
11	A	X	0.016311	0.000435	0.983255
12	A	X	0.015241	0.001066	0.983693
13	A	X	0.014521	0.000718	0.984761
14	P	X	0.013642	0.000878	0.985481
15	R	X	0.012737	0.000903	0.986359
16	R	X	0.011561	0.001176	0.987263
17	V	X	0.010847	0.000714	0.988439
18	R	X	0.009777	0.001071	0.989152
19	S	X	0.007809	0.001970	0.990221
20	N	X	0.006653	0.001157	0.992190
21	M	X	0.005884	0.000770	0.993346
22	T	X	0.005260	0.000625	0.994115
23	C	X	0.004836	0.000426	0.994738
24	P	X	0.004187	0.000652	0.995162
25	A	X	0.003644	0.000545	0.995811
26	N	X	0.003370	0.000276	0.996354
27	C	X	0.002916	0.000457	0.996626
28	C	X	0.002667	0.000252	0.997081
29	R	X	0.002487	0.000183	0.997330
30	P	X	0.002248	0.000241	0.997510
31	C	X	0.002081	0.000172	0.997747
32	C	X	0.001981	0.000105	0.997914
33	I	X	0.001917	0.000070	0.998013
34	P	X	0.001834	0.000090	0.998076
35	V	X	0.001783	0.000060	0.998158
36	L	X	0.001678	0.000113	0.998209
37	A	X	0.001420	0.000266	0.998313
38	D	X	0.001322	0.000106	0.998572
39	G	X	0.001017	0.000314	0.998670
40	M	X	0.000957	0.000066	0.998977
41	P	X	0.000844	0.000121	0.999036
42	K	X	0.000732	0.000120	0.999149
43	V	X	0.000674	0.000065	0.999261
44	Q	X	0.000604	0.000077	0.999319
45	V	X	0.000373	0.000239	0.999389
46	N	X	0.000343	0.000034	0.999623
47	P	X	0.000179	0.000170	0.999651
48	C	X	0.000156	0.000027	0.999817
49	P	X	0.000148	0.000011	0.999841
50	P	X	0.000133	0.000019	0.999848
51	P	X	0.000116	0.000021	0.999863
52	P	X	0.000090	0.000030	0.999880
53	A	X	0.000063	0.000031	0.999906
54	K	X	0.000054	0.000012	0.999935
55	P	X	0.000043	0.000013	0.999944
56	P	X	0.000028	0.000017	0.999955
57	C	X	0.000023	0.000007	0.999971
58	D	X	0.000021	0.000003	0.999976
59	C	X	0.000018	0.000006	0.999977
60	C	X	0.000017	0.000003	0.999980
61	N	X	0.000017	0.000002	0.999981
62	V	X	0.000017	0.000003	0.999980
63	C	X	0.000017	0.000003	0.999980
64	V	X	0.000017	0.000003	0.999980
65	P	X	0.000017	0.000004	0.999979
66	V	X	0.000018	0.000003	0.999979
67	V	X	0.000018	0.000004	0.999978
68	T	X	0.000018	0.000004	0.999978
69	P	X	0.000017	0.000005	0.999978
70	G	X	0.000019	0.000002	0.999979
