# Name=Parent_mRNA.Tenebrio_molitor_scaffold_7.1489.1
# pos	aa	SP	CS	OTHER
1	M	S	0.986799	0.000002	0.013199
2	A	S	0.986820	0.000006	0.013174
3	F	S	0.986847	0.000004	0.013149
4	K	S	0.986865	0.000011	0.013124
5	T	S	0.986889	0.000010	0.013101
6	C	S	0.986907	0.000016	0.013077
7	A	S	0.986918	0.000025	0.013057
8	F	S	0.986919	0.000037	0.013044
9	T	S	0.986920	0.000040	0.013039
10	K	S	0.986906	0.000055	0.013038
11	N	S	0.986912	0.000038	0.013050
12	W	S	0.986922	0.000035	0.013043
13	L	S	0.986905	0.000063	0.013031
14	V	S	0.986923	0.000033	0.013044
15	I	S	0.986932	0.000036	0.013032
16	A	S	0.986793	0.000180	0.013028
17	V	S	0.986758	0.000072	0.013170
18	I	S	0.986597	0.000187	0.013215
19	V	S	0.986334	0.000283	0.013383
20	M	S	0.984223	0.002120	0.013658
21	C	S	0.967659	0.016561	0.015779
22	L	S	0.960818	0.006826	0.032356
23	C	C	0.614974	0.345794	0.039233
24	T	X	0.555205	0.059708	0.385088
25	E	X	0.485507	0.069608	0.444885
26	Y	X	0.458797	0.026635	0.514569
27	N	X	0.445737	0.012990	0.541273
28	C	X	0.274329	0.171325	0.554345
29	Q	X	0.262939	0.011347	0.725713
30	C	X	0.047823	0.215104	0.737073
31	T	X	0.041765	0.006049	0.952186
32	G	X	0.027241	0.014524	0.958235
33	G	X	0.009822	0.017423	0.972755
34	A	X	0.004137	0.005686	0.990177
35	D	X	0.002979	0.001159	0.995862
36	C	X	0.001517	0.001464	0.997019
37	T	X	0.001214	0.000304	0.998483
38	S	X	0.000951	0.000264	0.998785
39	C	X	0.000744	0.000209	0.999047
40	T	X	0.000598	0.000148	0.999253
41	A	X	0.000413	0.000188	0.999399
42	A	X	0.000240	0.000175	0.999585
43	C	X	0.000162	0.000080	0.999759
44	T	X	0.000139	0.000023	0.999838
45	G	X	0.000097	0.000044	0.999859
46	C	X	0.000074	0.000025	0.999902
47	G	X	0.000066	0.000009	0.999925
48	N	X	0.000055	0.000013	0.999932
49	C	X	0.000051	0.000006	0.999943
50	P	X	0.000047	0.000007	0.999946
51	N	X	0.000038	0.000013	0.999949
52	A	X	0.000031	0.000009	0.999959
53	V	X	0.000030	0.000003	0.999966
54	T	X	0.000028	0.000005	0.999967
55	C	X	0.000024	0.000007	0.999969
56	T	X	0.000025	0.000003	0.999972
57	N	X	0.000023	0.000006	0.999971
58	S	X	0.000020	0.000007	0.999973
59	Q	X	0.000020	0.000004	0.999976
60	N	X	0.000020	0.000004	0.999976
61	C	X	0.000020	0.000004	0.999975
62	V	X	0.000022	0.000003	0.999975
63	K	X	0.000020	0.000008	0.999972
64	A	X	0.000015	0.000011	0.999973
65	V	X	0.000016	0.000003	0.999981
66	T	X	0.000014	0.000005	0.999981
67	C	X	0.000012	0.000006	0.999982
68	T	X	0.000011	0.000004	0.999985
69	G	X	0.000009	0.000005	0.999986
70	S	X	0.000011	0.000001	0.999988
