# Name=Parent_mRNA.Tenebrio_molitor_scaffold_7.775.1
# pos	aa	SP	CS	OTHER
1	M	X	0.011787	0.000006	0.988207
2	T	X	0.011744	0.000019	0.988237
3	F	X	0.011711	0.000017	0.988272
4	Y	X	0.011678	0.000020	0.988302
5	N	X	0.011653	0.000013	0.988334
6	W	X	0.011634	0.000008	0.988358
7	N	X	0.011613	0.000011	0.988376
8	F	X	0.011592	0.000012	0.988395
9	V	X	0.011574	0.000011	0.988415
10	T	X	0.011554	0.000013	0.988433
11	P	X	0.011483	0.000065	0.988452
12	V	X	0.011443	0.000035	0.988522
13	V	X	0.011410	0.000029	0.988561
14	P	X	0.011201	0.000206	0.988593
15	T	X	0.010993	0.000205	0.988802
16	F	X	0.010909	0.000082	0.989009
17	Y	X	0.010735	0.000173	0.989092
18	T	X	0.010475	0.000260	0.989265
19	Y	X	0.010419	0.000057	0.989525
20	I	X	0.010239	0.000181	0.989580
21	L	X	0.010089	0.000152	0.989759
22	Q	X	0.009973	0.000118	0.989909
23	P	X	0.009612	0.000364	0.990023
24	A	X	0.009324	0.000292	0.990384
25	V	X	0.008951	0.000375	0.990673
26	E	X	0.008712	0.000243	0.991045
27	P	X	0.001997	0.006724	0.991279
28	I	X	0.001888	0.000110	0.998002
29	T	X	0.001772	0.000117	0.998111
30	I	X	0.001650	0.000124	0.998225
31	Q	X	0.001496	0.000158	0.998347
32	L	X	0.001337	0.000162	0.998501
33	N	X	0.001214	0.000126	0.998660
34	Q	X	0.001074	0.000142	0.998783
35	Q	X	0.000966	0.000112	0.998922
36	V	X	0.000928	0.000041	0.999032
37	P	X	0.000862	0.000069	0.999069
38	S	X	0.000766	0.000101	0.999133
39	L	X	0.000713	0.000056	0.999231
40	Q	X	0.000645	0.000073	0.999282
41	L	X	0.000584	0.000066	0.999350
42	N	X	0.000534	0.000054	0.999412
43	Q	X	0.000485	0.000053	0.999462
44	D	X	0.000446	0.000043	0.999511
45	V	X	0.000418	0.000032	0.999550
46	K	X	0.000382	0.000039	0.999578
47	N	X	0.000346	0.000041	0.999613
48	S	X	0.000315	0.000035	0.999650
49	D	X	0.000292	0.000027	0.999681
50	I	X	0.000275	0.000021	0.999704
51	L	X	0.000258	0.000021	0.999721
52	D	X	0.000238	0.000024	0.999737
53	I	X	0.000221	0.000023	0.999756
54	S	X	0.000201	0.000025	0.999774
55	R	X	0.000179	0.000028	0.999793
56	Q	X	0.000159	0.000025	0.999816
57	H	X	0.000145	0.000019	0.999836
58	V	X	0.000137	0.000011	0.999851
59	V	X	0.000131	0.000011	0.999858
60	F	X	0.000120	0.000016	0.999864
61	G	X	0.000096	0.000029	0.999875
62	D	X	0.000086	0.000014	0.999900
63	N	X	0.000075	0.000015	0.999910
64	V	X	0.000067	0.000011	0.999922
65	G	X	0.000057	0.000014	0.999930
66	V	X	0.000048	0.000011	0.999940
67	T	X	0.000039	0.000013	0.999948
68	S	X	0.000027	0.000015	0.999958
69	I	X	0.000021	0.000008	0.999971
70	K	X	0.000021	0.000002	0.999977
