# Name=Parent_mRNA.Tenebrio_molitor_scaffold_16.74.1
# pos	aa	SP	CS	OTHER
1	M	S	0.947863	0.000001	0.052136
2	H	S	0.947872	0.000004	0.052124
3	S	S	0.947886	0.000002	0.052112
4	L	S	0.947899	0.000002	0.052099
5	I	S	0.947911	0.000002	0.052086
6	V	S	0.947924	0.000003	0.052073
7	I	S	0.947935	0.000004	0.052061
8	L	S	0.947938	0.000010	0.052052
9	V	S	0.947936	0.000013	0.052051
10	L	S	0.947898	0.000046	0.052057
11	G	S	0.947507	0.000394	0.052099
12	V	S	0.947212	0.000296	0.052493
13	I	S	0.946524	0.000684	0.052793
14	F	S	0.944124	0.002388	0.053488
15	V	S	0.938170	0.005934	0.055896
16	I	S	0.928106	0.010028	0.061866
17	G	C	0.082393	0.845651	0.071956
18	D	X	0.056100	0.026246	0.917654
19	H	X	0.041633	0.014429	0.943937
20	D	X	0.038725	0.002886	0.958389
21	P	X	0.032972	0.005737	0.961291
22	N	X	0.029529	0.003433	0.967038
23	Y	X	0.026505	0.003017	0.970478
24	H	X	0.023643	0.002860	0.973497
25	S	X	0.016328	0.007316	0.976356
26	V	X	0.014773	0.001556	0.983670
27	H	X	0.013818	0.000959	0.985222
28	P	X	0.006234	0.007592	0.986173
29	R	X	0.005201	0.001037	0.993763
30	Y	X	0.004776	0.000428	0.994796
31	I	X	0.004358	0.000422	0.995220
32	K	X	0.003850	0.000514	0.995636
33	N	X	0.003512	0.000344	0.996144
34	N	X	0.003123	0.000397	0.996480
35	V	X	0.002827	0.000304	0.996869
36	K	X	0.002514	0.000322	0.997164
37	N	X	0.002204	0.000319	0.997477
38	A	X	0.001928	0.000285	0.997787
39	I	X	0.001796	0.000140	0.998063
40	K	X	0.001644	0.000162	0.998194
41	L	X	0.001461	0.000193	0.998347
42	S	X	0.001291	0.000179	0.998530
43	D	X	0.001181	0.000119	0.998700
44	K	X	0.001049	0.000140	0.998810
45	D	X	0.000969	0.000088	0.998943
46	N	X	0.000897	0.000080	0.999023
47	Y	X	0.000822	0.000084	0.999094
48	K	X	0.000744	0.000086	0.999169
49	K	X	0.000671	0.000083	0.999247
50	G	X	0.000606	0.000074	0.999321
51	N	X	0.000552	0.000063	0.999386
52	K	X	0.000503	0.000058	0.999439
53	D	X	0.000475	0.000036	0.999488
54	W	X	0.000448	0.000038	0.999515
55	K	X	0.000413	0.000046	0.999541
56	Y	X	0.000392	0.000034	0.999575
57	R	X	0.000359	0.000046	0.999595
58	S	X	0.000332	0.000040	0.999628
59	R	X	0.000302	0.000043	0.999655
60	G	X	0.000277	0.000036	0.999687
61	D	X	0.000257	0.000030	0.999713
62	F	X	0.000237	0.000031	0.999732
63	L	X	0.000216	0.000031	0.999752
64	K	X	0.000196	0.000031	0.999773
65	E	X	0.000175	0.000031	0.999794
66	N	X	0.000155	0.000030	0.999815
67	E	X	0.000133	0.000031	0.999836
68	A	X	0.000110	0.000031	0.999859
69	T	X	0.000094	0.000023	0.999883
70	F	X	0.000087	0.000015	0.999897
