# Name=Parent_mRNA.Tenebrio_molitor_scaffold_16.106.1
# pos	aa	SP	CS	OTHER
1	M	X	0.241527	0.000008	0.758465
2	R	X	0.241465	0.000014	0.758522
3	D	X	0.241420	0.000005	0.758575
4	C	X	0.241379	0.000004	0.758617
5	V	X	0.241338	0.000005	0.758657
6	I	X	0.241295	0.000009	0.758696
7	I	X	0.241255	0.000008	0.758736
8	L	X	0.241213	0.000012	0.758776
9	I	X	0.241163	0.000017	0.758820
10	F	X	0.241100	0.000026	0.758874
11	F	X	0.240961	0.000098	0.758941
12	V	X	0.240547	0.000367	0.759085
13	K	X	0.239570	0.000925	0.759505
14	T	X	0.210160	0.029345	0.760495
15	I	X	0.207973	0.002128	0.789899
16	Y	X	0.205194	0.002719	0.792087
17	F	X	0.177959	0.027178	0.794862
18	D	X	0.176613	0.001305	0.822082
19	K	X	0.173407	0.003173	0.823420
20	M	X	0.170698	0.002682	0.826620
21	C	X	0.157547	0.013125	0.829328
22	K	X	0.146197	0.011332	0.842471
23	F	X	0.071890	0.074300	0.853810
24	A	X	0.024869	0.047026	0.928105
25	N	X	0.020434	0.004432	0.975134
26	V	X	0.015665	0.004769	0.979566
27	K	X	0.013306	0.002361	0.984334
28	I	X	0.011820	0.001488	0.986692
29	G	X	0.010159	0.001664	0.988177
30	Q	X	0.009005	0.001158	0.989837
31	I	X	0.008212	0.000798	0.990991
32	H	X	0.007579	0.000638	0.991783
33	Q	X	0.006773	0.000813	0.992414
34	I	X	0.006476	0.000303	0.993221
35	I	X	0.006192	0.000293	0.993516
36	F	X	0.005783	0.000418	0.993799
37	R	X	0.005089	0.000705	0.994205
38	Q	X	0.004665	0.000435	0.994900
39	Y	X	0.004316	0.000360	0.995324
40	L	X	0.004076	0.000251	0.995673
41	E	X	0.003829	0.000258	0.995913
42	L	X	0.003392	0.000451	0.996157
43	A	X	0.003005	0.000400	0.996595
44	D	X	0.002786	0.000231	0.996983
45	F	X	0.002501	0.000298	0.997202
46	A	X	0.002205	0.000308	0.997487
47	L	X	0.002083	0.000133	0.997785
48	P	X	0.001875	0.000219	0.997906
49	Y	X	0.001671	0.000216	0.998113
50	S	X	0.001556	0.000126	0.998318
51	N	X	0.001457	0.000110	0.998434
52	W	X	0.001308	0.000161	0.998531
53	S	X	0.001161	0.000160	0.998679
54	L	X	0.001061	0.000112	0.998827
55	D	X	0.000995	0.000078	0.998927
56	D	X	0.000931	0.000077	0.998992
57	G	X	0.000864	0.000081	0.999055
58	Y	X	0.000782	0.000097	0.999121
59	S	X	0.000707	0.000091	0.999202
60	K	X	0.000633	0.000090	0.999277
61	N	X	0.000564	0.000086	0.999350
62	E	X	0.000497	0.000082	0.999420
63	K	X	0.000429	0.000085	0.999486
64	A	X	0.000367	0.000076	0.999557
65	F	X	0.000309	0.000071	0.999620
66	S	X	0.000247	0.000074	0.999678
67	Y	X	0.000210	0.000046	0.999743
68	P	X	0.000157	0.000062	0.999781
69	V	X	0.000124	0.000040	0.999836
70	R	X	0.000118	0.000013	0.999868
