# Name=Parent_mRNA.Tenebrio_molitor_scaffold_7.1165.1
# pos	aa	SP	CS	OTHER
1	M	X	0.007986	0.000006	0.992008
2	D	X	0.007959	0.000008	0.992033
3	F	X	0.007936	0.000011	0.992053
4	I	X	0.007919	0.000007	0.992074
5	G	X	0.007897	0.000012	0.992091
6	I	X	0.007874	0.000015	0.992111
7	S	X	0.007832	0.000035	0.992134
8	R	X	0.007771	0.000054	0.992175
9	H	X	0.007725	0.000041	0.992234
10	R	X	0.007615	0.000105	0.992280
11	S	X	0.007462	0.000148	0.992389
12	G	X	0.007307	0.000152	0.992541
13	H	X	0.007154	0.000150	0.992696
14	L	X	0.006871	0.000281	0.992848
15	A	X	0.006529	0.000340	0.993131
16	A	X	0.006090	0.000438	0.993472
17	Y	X	0.005804	0.000285	0.993911
18	V	X	0.005493	0.000310	0.994197
19	A	X	0.005206	0.000286	0.994507
20	N	X	0.004965	0.000242	0.994793
21	L	X	0.004841	0.000124	0.995035
22	P	X	0.004702	0.000140	0.995158
23	T	X	0.004529	0.000175	0.995296
24	A	X	0.004217	0.000313	0.995469
25	Q	X	0.003946	0.000273	0.995781
26	L	X	0.003648	0.000300	0.996052
27	I	X	0.003531	0.000120	0.996349
28	S	X	0.003152	0.000382	0.996466
29	A	X	0.001714	0.001443	0.996843
30	R	X	0.001517	0.000199	0.998284
31	N	X	0.001253	0.000267	0.998480
32	R	X	0.001090	0.000166	0.998744
33	Q	X	0.000941	0.000152	0.998907
34	I	X	0.000837	0.000107	0.999057
35	F	X	0.000729	0.000110	0.999161
36	A	X	0.000569	0.000163	0.999268
37	P	X	0.000483	0.000089	0.999429
38	E	X	0.000409	0.000076	0.999515
39	F	X	0.000335	0.000076	0.999588
40	L	X	0.000271	0.000066	0.999662
41	Y	X	0.000220	0.000054	0.999726
42	P	X	0.000172	0.000050	0.999778
43	F	X	0.000170	0.000005	0.999825
