# Name=Parent_mRNA.Tenebrio_molitor_scaffold_15.233.1
# pos	aa	SP	CS	OTHER
1	M	X	0.100950	0.000003	0.899046
2	C	X	0.100920	0.000007	0.899073
3	G	X	0.100900	0.000007	0.899092
4	D	X	0.100886	0.000007	0.899107
5	D	X	0.100875	0.000007	0.899119
6	Y	X	0.100847	0.000025	0.899128
7	F	X	0.100810	0.000037	0.899153
8	I	X	0.100772	0.000039	0.899189
9	L	X	0.100724	0.000050	0.899226
10	F	X	0.100680	0.000047	0.899273
11	L	X	0.100610	0.000074	0.899316
12	F	X	0.100527	0.000089	0.899384
13	K	X	0.100349	0.000185	0.899466
14	L	X	0.100155	0.000202	0.899643
15	T	X	0.099695	0.000466	0.899839
16	I	X	0.099271	0.000427	0.900302
17	E	X	0.098007	0.001264	0.900729
18	S	X	0.031288	0.066724	0.901988
19	K	X	0.029506	0.001785	0.968708
20	S	X	0.005495	0.024021	0.970484
21	I	X	0.004872	0.000622	0.994506
22	D	X	0.004032	0.000839	0.995129
23	L	X	0.003369	0.000664	0.995968
24	F	X	0.003058	0.000312	0.996630
25	C	X	0.002396	0.000664	0.996940
26	T	X	0.002116	0.000283	0.997602
27	Q	X	0.001849	0.000269	0.997882
28	F	X	0.001663	0.000189	0.998148
29	N	X	0.001564	0.000103	0.998334
30	S	X	0.001389	0.000178	0.998433
31	C	X	0.001250	0.000143	0.998607
32	M	X	0.001137	0.000118	0.998745
33	Y	X	0.001041	0.000101	0.998858
34	K	X	0.000939	0.000107	0.998954
35	I	X	0.000859	0.000085	0.999055
36	K	X	0.000770	0.000094	0.999135
37	N	X	0.000684	0.000092	0.999225
38	V	X	0.000616	0.000073	0.999311
39	V	X	0.000550	0.000071	0.999379
40	H	X	0.000483	0.000073	0.999444
41	I	X	0.000424	0.000065	0.999511
42	I	X	0.000371	0.000059	0.999571
43	F	X	0.000324	0.000052	0.999624
44	V	X	0.000272	0.000057	0.999671
45	V	X	0.000237	0.000041	0.999723
46	T	X	0.000225	0.000019	0.999756
