# Name=Parent_mRNA.Tenebrio_molitor_scaffold_18.52.1
# pos	aa	SP	CS	OTHER
1	M	X	0.074993	0.000003	0.925004
2	K	X	0.074961	0.000005	0.925034
3	A	X	0.074935	0.000012	0.925053
4	A	X	0.074922	0.000004	0.925075
5	D	X	0.074913	0.000002	0.925084
6	L	X	0.074905	0.000004	0.925091
7	M	X	0.074901	0.000002	0.925097
8	D	X	0.074899	0.000002	0.925099
9	P	X	0.074896	0.000005	0.925099
10	T	X	0.074895	0.000005	0.925100
11	T	X	0.074893	0.000007	0.925100
12	W	X	0.074880	0.000020	0.925100
13	W	X	0.074863	0.000026	0.925111
14	K	X	0.074848	0.000027	0.925125
15	G	X	0.074835	0.000025	0.925140
16	L	X	0.074813	0.000037	0.925150
17	C	X	0.074755	0.000075	0.925170
18	G	X	0.074698	0.000078	0.925224
19	R	X	0.074649	0.000073	0.925278
20	R	X	0.074616	0.000061	0.925323
21	E	X	0.074599	0.000048	0.925353
22	L	X	0.074587	0.000046	0.925368
23	S	X	0.074584	0.000040	0.925377
24	K	X	0.074584	0.000041	0.925375
25	I	X	0.074596	0.000033	0.925371
26	A	X	0.074604	0.000040	0.925356
27	V	X	0.074628	0.000028	0.925344
28	I	X	0.074644	0.000035	0.925321
29	L	X	0.074648	0.000046	0.925306
30	L	X	0.074649	0.000047	0.925303
31	S	X	0.074616	0.000081	0.925303
32	I	X	0.074628	0.000034	0.925339
33	P	X	0.074564	0.000103	0.925333
34	A	X	0.074426	0.000170	0.925404
35	T	X	0.074207	0.000241	0.925552
36	A	X	0.055639	0.018583	0.925779
37	A	X	0.042973	0.012684	0.944343
38	A	X	0.010560	0.032437	0.957002
39	S	X	0.004020	0.006550	0.989431
40	E	X	0.003021	0.001001	0.995978
41	R	X	0.002031	0.000993	0.996976
42	N	X	0.001643	0.000389	0.997968
43	W	X	0.001454	0.000190	0.998355
44	S	X	0.001244	0.000213	0.998543
45	C	X	0.001160	0.000087	0.998753
46	F	X	0.001083	0.000081	0.998836
47	G	X	0.000986	0.000103	0.998911
48	N	X	0.000923	0.000069	0.999008
49	I	X	0.000870	0.000060	0.999070
50	K	X	0.000802	0.000076	0.999121
51	T	X	0.000742	0.000069	0.999189
52	Q	X	0.000686	0.000065	0.999249
53	K	X	0.000634	0.000061	0.999305
54	R	X	0.000575	0.000069	0.999357
55	N	X	0.000529	0.000053	0.999417
56	R	X	0.000476	0.000062	0.999462
57	L	X	0.000432	0.000052	0.999516
58	T	X	0.000392	0.000048	0.999561
59	K	X	0.000354	0.000044	0.999601
60	D	X	0.000323	0.000039	0.999639
61	T	X	0.000291	0.000038	0.999670
62	L	X	0.000260	0.000038	0.999702
63	M	X	0.000233	0.000034	0.999733
64	K	X	0.000204	0.000036	0.999760
65	L	X	0.000180	0.000030	0.999790
66	V	X	0.000157	0.000029	0.999814
67	F	X	0.000131	0.000032	0.999837
68	I	X	0.000105	0.000032	0.999863
69	K	X	0.000088	0.000022	0.999890
70	F	X	0.000089	0.000005	0.999906
