# Name=Parent_mRNA.Tenebrio_molitor_scaffold_16.163.1
# pos	aa	SP	CS	OTHER
1	M	X	0.006030	0.000018	0.993951
2	F	X	0.005955	0.000023	0.994022
3	H	X	0.005894	0.000017	0.994089
4	N	X	0.005844	0.000010	0.994146
5	F	X	0.005794	0.000012	0.994194
6	A	X	0.005747	0.000012	0.994241
7	F	X	0.005698	0.000015	0.994287
8	S	X	0.005633	0.000034	0.994333
9	V	X	0.005578	0.000027	0.994395
10	I	X	0.005523	0.000029	0.994448
11	R	X	0.005437	0.000064	0.994499
12	F	X	0.005354	0.000064	0.994583
13	N	X	0.005254	0.000082	0.994664
14	T	X	0.005116	0.000122	0.994762
15	F	X	0.004961	0.000140	0.994899
16	L	X	0.004785	0.000163	0.995052
17	T	X	0.004594	0.000178	0.995228
18	T	X	0.004403	0.000179	0.995418
19	L	X	0.004226	0.000166	0.995608
20	S	X	0.003743	0.000473	0.995784
21	C	X	0.003292	0.000443	0.996265
22	F	X	0.002939	0.000346	0.996715
23	Y	X	0.002606	0.000329	0.997066
24	I	X	0.002420	0.000182	0.997398
25	G	X	0.002203	0.000214	0.997583
26	I	X	0.001924	0.000278	0.997799
27	L	X	0.001661	0.000262	0.998077
28	L	X	0.001469	0.000192	0.998338
29	V	X	0.001347	0.000124	0.998529
30	F	X	0.001270	0.000080	0.998650
31	F	X	0.001155	0.000119	0.998726
32	I	X	0.001049	0.000111	0.998840
33	S	X	0.000911	0.000143	0.998946
34	H	X	0.000796	0.000121	0.999084
35	F	X	0.000744	0.000059	0.999197
