# Name=Parent_mRNA.Tenebrio_molitor_scaffold_7.1492.1
# pos	aa	SP	CS	OTHER
1	M	S	0.988901	0.000002	0.011097
2	A	S	0.988923	0.000005	0.011072
3	F	S	0.988949	0.000004	0.011047
4	K	S	0.988974	0.000006	0.011021
5	M	S	0.989001	0.000005	0.010994
6	C	S	0.989024	0.000009	0.010967
7	G	S	0.989047	0.000011	0.010941
8	F	S	0.989069	0.000015	0.010916
9	T	S	0.989086	0.000021	0.010893
10	K	S	0.989095	0.000030	0.010875
11	N	S	0.989112	0.000026	0.010862
12	W	S	0.989129	0.000025	0.010845
13	L	S	0.989124	0.000050	0.010827
14	I	S	0.989148	0.000024	0.010828
15	I	S	0.989162	0.000029	0.010809
16	A	S	0.989097	0.000104	0.010799
17	V	S	0.989079	0.000052	0.010868
18	I	S	0.988973	0.000132	0.010895
19	V	S	0.988781	0.000211	0.011008
20	M	S	0.987106	0.001683	0.011211
21	C	S	0.974054	0.013051	0.012895
22	L	S	0.967750	0.006290	0.025960
23	C	C	0.647773	0.319928	0.032299
24	T	X	0.590285	0.057429	0.352286
25	E	X	0.522280	0.067916	0.409803
26	Y	X	0.496734	0.025471	0.477795
27	N	X	0.484170	0.012494	0.503336
28	C	X	0.308266	0.175819	0.515915
29	Q	X	0.296538	0.011684	0.691778
30	C	X	0.052075	0.244449	0.703476
31	T	X	0.045641	0.006425	0.947934
32	G	X	0.029134	0.016507	0.954359
33	G	X	0.009809	0.019328	0.970863
34	A	X	0.003733	0.006076	0.990191
35	D	X	0.002579	0.001154	0.996267
36	C	X	0.001110	0.001470	0.997420
37	T	X	0.000836	0.000274	0.998890
38	S	X	0.000611	0.000227	0.999163
39	C	X	0.000455	0.000157	0.999388
40	T	X	0.000353	0.000104	0.999543
41	A	X	0.000245	0.000110	0.999645
42	G	X	0.000140	0.000107	0.999754
43	C	X	0.000097	0.000044	0.999859
44	T	X	0.000086	0.000012	0.999902
45	G	X	0.000061	0.000026	0.999912
46	C	X	0.000047	0.000016	0.999937
47	G	X	0.000043	0.000006	0.999952
48	N	X	0.000036	0.000008	0.999955
49	C	X	0.000035	0.000004	0.999961
50	P	X	0.000033	0.000005	0.999962
51	N	X	0.000026	0.000011	0.999963
52	A	X	0.000023	0.000007	0.999970
53	E	X	0.000021	0.000005	0.999974
54	T	X	0.000019	0.000005	0.999976
55	C	X	0.000019	0.000003	0.999978
56	T	X	0.000019	0.000003	0.999978
57	S	X	0.000018	0.000006	0.999976
58	S	X	0.000017	0.000006	0.999978
59	Q	X	0.000017	0.000004	0.999979
60	N	X	0.000017	0.000004	0.999979
61	C	X	0.000018	0.000004	0.999978
62	V	X	0.000020	0.000003	0.999977
63	K	X	0.000019	0.000007	0.999974
64	A	X	0.000015	0.000010	0.999974
65	L	X	0.000016	0.000004	0.999980
66	T	X	0.000014	0.000006	0.999980
67	C	X	0.000012	0.000006	0.999982
68	T	X	0.000010	0.000005	0.999985
69	D	X	0.000008	0.000005	0.999986
70	S	X	0.000010	0.000002	0.999988
