# Name=Parent_mRNA.Tenebrio_molitor_scaffold_15.315.1
# pos	aa	SP	CS	OTHER
1	M	X	0.007066	0.000004	0.992930
2	F	X	0.007042	0.000005	0.992953
3	D	X	0.007028	0.000003	0.992969
4	F	X	0.007017	0.000002	0.992981
5	V	X	0.007008	0.000001	0.992991
6	E	X	0.007000	0.000001	0.992999
7	Y	X	0.006987	0.000006	0.993007
8	C	X	0.006967	0.000015	0.993018
9	D	X	0.006952	0.000011	0.993037
10	M	X	0.006908	0.000041	0.993051
11	Y	X	0.006863	0.000043	0.993094
12	L	X	0.006797	0.000064	0.993139
13	I	X	0.006750	0.000046	0.993204
14	L	X	0.006691	0.000058	0.993251
15	G	X	0.006590	0.000101	0.993309
16	Q	X	0.006515	0.000074	0.993410
17	C	X	0.006319	0.000196	0.993485
18	R	X	0.006169	0.000150	0.993681
19	G	X	0.001682	0.004488	0.993830
20	N	X	0.001586	0.000097	0.998317
21	Y	X	0.001519	0.000068	0.998413
22	T	X	0.001453	0.000067	0.998479
23	M	X	0.001403	0.000053	0.998545
24	A	X	0.000631	0.000775	0.998593
25	S	X	0.000563	0.000070	0.999367
26	R	X	0.000495	0.000070	0.999435
27	V	X	0.000466	0.000031	0.999503
28	Y	X	0.000432	0.000037	0.999532
29	G	X	0.000268	0.000167	0.999565
30	E	X	0.000248	0.000022	0.999730
31	T	X	0.000231	0.000020	0.999749
32	Y	X	0.000221	0.000012	0.999767
33	P	X	0.000201	0.000023	0.999776
34	Q	X	0.000185	0.000019	0.999796
35	R	X	0.000168	0.000020	0.999811
36	V	X	0.000160	0.000012	0.999829
37	R	X	0.000148	0.000014	0.999837
38	P	X	0.000133	0.000019	0.999848
39	A	X	0.000122	0.000014	0.999864
40	K	X	0.000114	0.000010	0.999876
41	N	X	0.000107	0.000010	0.999883
42	V	X	0.000100	0.000010	0.999890
43	F	X	0.000093	0.000011	0.999897
44	Q	X	0.000084	0.000011	0.999904
45	R	X	0.000076	0.000012	0.999912
46	L	X	0.000070	0.000010	0.999920
47	D	X	0.000065	0.000007	0.999927
48	R	X	0.000059	0.000009	0.999932
49	R	X	0.000052	0.000010	0.999938
50	M	X	0.000046	0.000009	0.999945
51	R	X	0.000039	0.000010	0.999951
52	E	X	0.000033	0.000008	0.999959
53	T	X	0.000028	0.000007	0.999964
54	G	X	0.000023	0.000007	0.999970
55	Q	X	0.000019	0.000006	0.999975
56	M	X	0.000020	0.000001	0.999979
