# Name=Parent_mRNA.Tenebrio_molitor_scaffold_7.1528.1
# pos	aa	SP	CS	OTHER
1	M	S	0.986014	0.000002	0.013984
2	A	S	0.986035	0.000006	0.013959
3	F	S	0.986062	0.000004	0.013934
4	K	S	0.986080	0.000010	0.013909
5	T	S	0.986105	0.000009	0.013886
6	C	S	0.986124	0.000014	0.013862
7	A	S	0.986137	0.000022	0.013841
8	F	S	0.986140	0.000034	0.013826
9	T	S	0.986149	0.000032	0.013819
10	K	S	0.986149	0.000041	0.013811
11	N	S	0.986162	0.000030	0.013808
12	W	S	0.986176	0.000030	0.013794
13	L	S	0.986166	0.000055	0.013779
14	I	S	0.986188	0.000028	0.013785
15	I	S	0.986200	0.000033	0.013767
16	A	S	0.986136	0.000104	0.013760
17	V	S	0.986117	0.000055	0.013828
18	I	S	0.986013	0.000131	0.013856
19	V	S	0.985821	0.000212	0.013967
20	M	S	0.984153	0.001677	0.014171
21	C	S	0.970306	0.013846	0.015848
22	L	S	0.964206	0.006088	0.029707
23	C	S	0.652587	0.311575	0.035838
24	T	S	0.601814	0.050722	0.347465
25	E	S	0.541464	0.060274	0.398262
26	Y	S	0.518948	0.022453	0.458599
27	N	S	0.506389	0.012502	0.481109
28	C	S	0.365409	0.140911	0.493680
29	Q	S	0.358317	0.007061	0.634622
30	C	C	0.036396	0.321921	0.641683
31	S	X	0.025703	0.010686	0.963610
32	K	X	0.018284	0.007418	0.974298
33	S	X	0.007500	0.010786	0.981715
34	G	X	0.003485	0.004015	0.992500
35	N	X	0.001975	0.001510	0.996515
36	S	X	0.001123	0.000853	0.998024
37	C	X	0.000602	0.000522	0.998876
38	T	X	0.000460	0.000143	0.999397
39	N	X	0.000327	0.000134	0.999539
40	C	X	0.000182	0.000147	0.999670
41	E	X	0.000143	0.000041	0.999816
42	N	X	0.000115	0.000030	0.999855
43	C	X	0.000098	0.000020	0.999882
44	P	X	0.000085	0.000016	0.999899
45	N	X	0.000063	0.000025	0.999911
46	A	X	0.000045	0.000021	0.999934
47	V	X	0.000042	0.000006	0.999953
48	T	X	0.000037	0.000007	0.999956
49	C	X	0.000030	0.000010	0.999959
50	T	X	0.000029	0.000004	0.999967
51	N	X	0.000026	0.000007	0.999967
52	S	X	0.000022	0.000008	0.999970
53	K	X	0.000021	0.000005	0.999975
54	N	X	0.000020	0.000004	0.999976
55	C	X	0.000019	0.000005	0.999976
56	V	X	0.000020	0.000003	0.999977
57	N	X	0.000018	0.000007	0.999975
58	A	X	0.000013	0.000011	0.999976
59	V	X	0.000014	0.000002	0.999984
60	T	X	0.000014	0.000003	0.999982
61	C	X	0.000014	0.000004	0.999982
62	S	X	0.000014	0.000003	0.999982
63	G	X	0.000014	0.000005	0.999981
64	S	X	0.000014	0.000004	0.999982
65	T	X	0.000015	0.000003	0.999983
66	N	X	0.000015	0.000004	0.999981
67	C	X	0.000014	0.000006	0.999980
68	N	X	0.000013	0.000005	0.999982
69	R	X	0.000010	0.000008	0.999982
70	A	X	0.000013	0.000002	0.999985
