# Name=Parent_mRNA.Tenebrio_molitor_scaffold_15.273.1
# pos	aa	SP	CS	OTHER
1	M	X	0.006612	0.000002	0.993386
2	N	X	0.006583	0.000003	0.993414
3	C	X	0.006566	0.000002	0.993433
4	T	X	0.006551	0.000001	0.993448
5	D	X	0.006537	0.000002	0.993461
6	Q	X	0.006524	0.000002	0.993474
7	R	X	0.006510	0.000003	0.993486
8	T	X	0.006496	0.000005	0.993499
9	V	X	0.006481	0.000006	0.993512
10	V	X	0.006453	0.000020	0.993526
11	C	X	0.006401	0.000045	0.993554
12	V	X	0.006351	0.000044	0.993605
13	F	X	0.006295	0.000050	0.993655
14	F	X	0.006219	0.000072	0.993710
15	E	X	0.006161	0.000054	0.993786
16	R	X	0.006017	0.000140	0.993843
17	C	X	0.005787	0.000227	0.993986
18	V	X	0.005595	0.000189	0.994216
19	V	X	0.004753	0.000840	0.994407
20	N	X	0.003203	0.001548	0.995249
21	Q	X	0.001838	0.001364	0.996797
22	D	X	0.001614	0.000223	0.998162
23	V	X	0.001488	0.000126	0.998386
24	V	X	0.001378	0.000109	0.998512
25	Y	X	0.001241	0.000138	0.998621
26	Q	X	0.001023	0.000220	0.998758
27	K	X	0.000877	0.000146	0.998977
28	Q	X	0.000777	0.000101	0.999122
29	Q	X	0.000679	0.000099	0.999222
30	C	X	0.000616	0.000065	0.999319
31	T	X	0.000575	0.000042	0.999382
32	E	X	0.000535	0.000042	0.999423
33	L	X	0.000490	0.000047	0.999463
34	G	X	0.000455	0.000038	0.999507
35	T	X	0.000424	0.000033	0.999543
36	I	X	0.000399	0.000028	0.999574
37	F	X	0.000375	0.000027	0.999598
38	G	X	0.000344	0.000034	0.999622
39	S	X	0.000318	0.000030	0.999653
40	H	X	0.000294	0.000027	0.999679
41	Q	X	0.000268	0.000030	0.999702
42	R	X	0.000245	0.000026	0.999729
43	R	X	0.000223	0.000025	0.999752
44	P	X	0.000201	0.000025	0.999773
45	V	X	0.000186	0.000019	0.999796
46	T	X	0.000171	0.000018	0.999811
47	I	X	0.000154	0.000020	0.999826
48	S	X	0.000137	0.000021	0.999843
49	D	X	0.000124	0.000015	0.999860
50	S	X	0.000111	0.000015	0.999873
51	P	X	0.000101	0.000013	0.999886
52	P	X	0.000090	0.000014	0.999897
53	N	X	0.000080	0.000012	0.999908
54	G	X	0.000071	0.000012	0.999917
55	K	X	0.000061	0.000012	0.999927
56	S	X	0.000051	0.000013	0.999936
57	L	X	0.000042	0.000012	0.999946
58	S	X	0.000033	0.000011	0.999956
59	A	X	0.000035	0.000002	0.999964
