# Name=Parent_mRNA.Tenebrio_molitor_scaffold_14.321.1
# pos	aa	SP	CS	OTHER
1	K	X	0.054742	0.000037	0.945220
2	K	X	0.054635	0.000051	0.945314
3	S	X	0.054555	0.000037	0.945409
4	K	X	0.054467	0.000049	0.945484
5	K	X	0.054388	0.000045	0.945567
6	P	X	0.054275	0.000081	0.945644
7	V	X	0.054137	0.000109	0.945754
8	L	X	0.054006	0.000103	0.945891
9	P	X	0.053698	0.000281	0.946020
10	L	X	0.053509	0.000166	0.946325
11	R	X	0.053370	0.000117	0.946513
12	Y	X	0.053041	0.000308	0.946651
13	C	X	0.052554	0.000469	0.946977
14	H	X	0.052182	0.000356	0.947462
15	N	X	0.051247	0.000921	0.947832
16	Q	X	0.050623	0.000612	0.948765
17	L	X	0.049825	0.000788	0.949387
18	I	X	0.049154	0.000663	0.950184
19	R	X	0.048389	0.000758	0.950852
20	L	X	0.047438	0.000947	0.951616
21	I	X	0.046907	0.000527	0.952566
22	N	X	0.046228	0.000677	0.953095
23	V	X	0.045318	0.000910	0.953773
24	N	X	0.044812	0.000506	0.954682
25	Q	X	0.043606	0.001208	0.955186
26	C	X	0.042249	0.001360	0.956391
27	L	X	0.041379	0.000874	0.957746
28	L	X	0.039708	0.001677	0.958615
29	L	X	0.038730	0.000984	0.960286
30	S	X	0.037644	0.001091	0.961265
31	V	X	0.036700	0.000949	0.962351
32	I	X	0.035979	0.000725	0.963296
33	K	X	0.035010	0.000974	0.964016
34	V	X	0.034048	0.000966	0.964985
35	I	X	0.033326	0.000728	0.965946
36	L	X	0.029885	0.003447	0.966668
37	C	X	0.014875	0.015023	0.970102
38	D	X	0.014076	0.000806	0.985118
