# Name=Parent_mRNA.Tenebrio_molitor_scaffold_16.261.1
# pos	aa	SP	CS	OTHER
1	M	X	0.075881	0.000005	0.924114
2	S	X	0.075832	0.000018	0.924150
3	I	X	0.075790	0.000020	0.924189
4	R	X	0.075756	0.000017	0.924227
5	W	X	0.075719	0.000021	0.924260
6	Y	X	0.075694	0.000011	0.924295
7	R	X	0.075663	0.000018	0.924319
8	G	X	0.075632	0.000019	0.924349
9	A	X	0.075594	0.000027	0.924379
10	L	X	0.075546	0.000039	0.924416
11	C	X	0.075503	0.000034	0.924463
12	P	X	0.075463	0.000033	0.924504
13	G	X	0.075405	0.000052	0.924542
14	F	X	0.075351	0.000050	0.924599
15	V	X	0.075265	0.000082	0.924653
16	W	X	0.075150	0.000111	0.924739
17	G	X	0.074523	0.000622	0.924854
18	T	X	0.074303	0.000216	0.925480
19	L	X	0.073955	0.000343	0.925702
20	S	X	0.065194	0.008753	0.926054
21	A	X	0.053599	0.011589	0.934813
22	H	X	0.052300	0.001293	0.946407
23	W	X	0.049872	0.002423	0.947704
24	S	X	0.046580	0.003289	0.950131
25	A	X	0.037957	0.008619	0.953424
26	N	X	0.028397	0.009557	0.962045
27	E	X	0.021442	0.006955	0.971603
28	R	X	0.014815	0.006629	0.978557
29	A	X	0.013111	0.001704	0.985185
30	P	X	0.011779	0.001332	0.986888
31	F	X	0.010849	0.000932	0.988219
32	V	X	0.010351	0.000500	0.989149
33	P	X	0.009721	0.000634	0.989645
34	R	X	0.008744	0.000981	0.990275
35	L	X	0.008095	0.000654	0.991251
36	V	X	0.007653	0.000448	0.991900
37	T	X	0.007253	0.000406	0.992341
38	P	X	0.006429	0.000832	0.992739
39	A	X	0.005866	0.000572	0.993563
40	E	X	0.005496	0.000377	0.994127
41	I	X	0.005161	0.000344	0.994496
42	R	X	0.004721	0.000449	0.994830
43	S	X	0.004305	0.000425	0.995270
44	R	X	0.003918	0.000397	0.995685
45	S	X	0.003524	0.000403	0.996073
46	K	X	0.003244	0.000288	0.996468
47	R	X	0.002912	0.000341	0.996747
48	V	X	0.002704	0.000216	0.997080
49	R	X	0.002480	0.000233	0.997287
50	F	X	0.002260	0.000229	0.997511
51	V	X	0.002084	0.000186	0.997731
52	H	X	0.001893	0.000201	0.997906
53	S	X	0.001701	0.000203	0.998096
54	S	X	0.001561	0.000148	0.998291
55	P	X	0.001410	0.000159	0.998431
56	I	X	0.001308	0.000109	0.998583
57	P	X	0.001193	0.000124	0.998683
58	L	X	0.001079	0.000123	0.998798
59	Q	X	0.000968	0.000119	0.998913
60	K	X	0.000861	0.000115	0.999023
61	D	X	0.000771	0.000099	0.999131
62	Y	X	0.000680	0.000099	0.999221
63	G	X	0.000594	0.000094	0.999312
64	S	X	0.000514	0.000088	0.999398
65	I	X	0.000441	0.000081	0.999478
66	K	X	0.000369	0.000081	0.999550
67	T	X	0.000299	0.000077	0.999623
68	S	X	0.000234	0.000073	0.999693
69	W	X	0.000196	0.000046	0.999758
70	T	X	0.000190	0.000015	0.999795
