# Name=Parent_mRNA.Tenebrio_molitor_scaffold_7.1537.1
# pos	aa	SP	CS	OTHER
1	M	S	0.994843	0.000004	0.005154
2	G	S	0.994847	0.000018	0.005135
3	A	S	0.994863	0.000010	0.005127
4	F	S	0.994877	0.000012	0.005112
5	T	S	0.994878	0.000025	0.005097
6	K	S	0.994867	0.000038	0.005095
7	N	S	0.994877	0.000023	0.005100
8	W	S	0.994892	0.000016	0.005093
9	L	S	0.994888	0.000034	0.005078
10	V	S	0.994909	0.000013	0.005078
11	I	S	0.994927	0.000011	0.005061
12	A	S	0.994891	0.000062	0.005047
13	V	S	0.994885	0.000029	0.005086
14	I	S	0.994828	0.000074	0.005099
15	V	S	0.994727	0.000113	0.005160
16	M	S	0.993983	0.000749	0.005268
17	C	S	0.989947	0.004035	0.006018
18	L	S	0.987019	0.002919	0.010062
19	C	S	0.837127	0.149855	0.013018
20	T	S	0.795530	0.041551	0.162919
21	E	S	0.745622	0.049832	0.204546
22	Y	S	0.727903	0.017652	0.254444
23	Y	S	0.723211	0.004626	0.272163
24	C	S	0.549741	0.173386	0.276873
25	Q	S	0.541520	0.008179	0.450300
26	C	C	0.210090	0.331414	0.458496
27	T	X	0.203619	0.006471	0.789910
28	G	X	0.079761	0.123868	0.796371
29	A	X	0.007365	0.072408	0.920227
30	D	X	0.005894	0.001468	0.992637
31	C	X	0.001171	0.004724	0.994105
32	T	X	0.000799	0.000371	0.998830
33	S	X	0.000528	0.000271	0.999201
34	C	X	0.000350	0.000179	0.999471
35	T	X	0.000270	0.000082	0.999648
36	V	X	0.000241	0.000030	0.999729
37	E	X	0.000197	0.000046	0.999757
38	C	X	0.000115	0.000085	0.999800
39	S	X	0.000089	0.000027	0.999883
40	A	X	0.000048	0.000043	0.999909
41	C	X	0.000034	0.000015	0.999951
42	G	X	0.000029	0.000006	0.999965
43	N	X	0.000026	0.000004	0.999970
44	C	X	0.000025	0.000003	0.999972
45	P	X	0.000024	0.000003	0.999973
46	N	X	0.000019	0.000007	0.999974
47	A	X	0.000016	0.000006	0.999978
48	V	X	0.000015	0.000002	0.999983
49	T	X	0.000015	0.000003	0.999982
50	C	X	0.000012	0.000005	0.999983
51	T	X	0.000013	0.000002	0.999985
52	D	X	0.000012	0.000003	0.999984
53	S	X	0.000011	0.000005	0.999984
54	Q	X	0.000011	0.000003	0.999987
55	N	X	0.000011	0.000003	0.999987
56	C	X	0.000011	0.000003	0.999986
57	V	X	0.000013	0.000002	0.999986
58	N	X	0.000013	0.000005	0.999982
59	A	X	0.000009	0.000010	0.999981
60	L	X	0.000009	0.000002	0.999989
61	T	X	0.000008	0.000003	0.999989
62	C	X	0.000008	0.000003	0.999989
63	T	X	0.000009	0.000002	0.999989
64	G	X	0.000008	0.000004	0.999988
65	S	X	0.000008	0.000004	0.999989
66	T	X	0.000008	0.000002	0.999990
67	D	X	0.000008	0.000003	0.999989
68	C	X	0.000006	0.000004	0.999989
69	N	X	0.000005	0.000004	0.999991
70	T	X	0.000007	0.000001	0.999992
