# Name=Parent_mRNA.Tenebrio_molitor_scaffold_16.162.1
# pos	aa	SP	CS	OTHER
1	M	X	0.101299	0.000018	0.898683
2	S	X	0.101234	0.000025	0.898741
3	R	X	0.101165	0.000037	0.898798
4	R	X	0.101097	0.000039	0.898864
5	K	X	0.101028	0.000041	0.898930
6	Y	X	0.100951	0.000054	0.898995
7	A	X	0.100867	0.000061	0.899071
8	S	X	0.100739	0.000108	0.899153
9	G	X	0.100447	0.000272	0.899281
10	T	X	0.100224	0.000209	0.899567
11	I	X	0.099985	0.000227	0.899787
12	K	X	0.099664	0.000312	0.900024
13	L	X	0.099358	0.000300	0.900341
14	R	X	0.098978	0.000376	0.900646
15	S	X	0.098567	0.000410	0.901023
16	R	X	0.098026	0.000541	0.901432
17	A	X	0.096819	0.001209	0.901971
18	G	X	0.096161	0.000665	0.903175
19	S	X	0.095600	0.000567	0.903833
20	P	X	0.094907	0.000700	0.904393
21	P	X	0.094239	0.000675	0.905086
22	R	X	0.093556	0.000692	0.905752
23	P	X	0.092790	0.000775	0.906434
24	K	X	0.092069	0.000734	0.907198
25	R	X	0.091064	0.001020	0.907917
26	C	X	0.090067	0.001015	0.908918
27	Y	X	0.089287	0.000801	0.909912
28	I	X	0.088534	0.000774	0.910691
29	V	X	0.087975	0.000581	0.911443
30	V	X	0.087248	0.000749	0.912003
31	C	X	0.086685	0.000585	0.912730
32	F	X	0.085831	0.000873	0.913296
33	C	X	0.084782	0.001067	0.914151
34	L	X	0.083369	0.001428	0.915204
35	V	X	0.081069	0.002311	0.916620
36	A	X	0.079591	0.001492	0.918917
