# Name=Parent_mRNA.Tenebrio_molitor_scaffold_7.62.1
# pos	aa	SP	CS	OTHER
1	M	X	0.234760	0.000010	0.765230
2	S	X	0.234675	0.000022	0.765303
3	L	X	0.234599	0.000018	0.765383
4	V	X	0.234531	0.000015	0.765454
5	L	X	0.234463	0.000018	0.765519
6	Y	X	0.234387	0.000029	0.765584
7	F	X	0.234315	0.000028	0.765656
8	L	X	0.234245	0.000028	0.765726
9	A	X	0.234166	0.000040	0.765794
10	I	X	0.234099	0.000030	0.765871
11	L	X	0.233981	0.000079	0.765940
12	A	X	0.233730	0.000213	0.766058
13	S	X	0.233524	0.000168	0.766307
14	I	X	0.233262	0.000228	0.766511
15	S	X	0.232811	0.000419	0.766770
16	L	X	0.231916	0.000870	0.767214
17	C	X	0.225170	0.006730	0.768100
18	I	X	0.223857	0.001312	0.774831
19	V	X	0.218384	0.005480	0.776136
20	A	X	0.194964	0.023447	0.781589
21	F	X	0.192861	0.002150	0.804989
22	L	X	0.191137	0.001788	0.807075
23	I	X	0.190413	0.000807	0.808780
24	V	X	0.189365	0.001132	0.809503
25	S	X	0.183514	0.005926	0.810560
26	A	X	0.035095	0.148515	0.816390
27	G	X	0.016719	0.018408	0.964873
28	D	X	0.015193	0.001538	0.983270
29	M	X	0.012587	0.002621	0.984791
30	A	X	0.010162	0.002443	0.987395
31	K	X	0.009010	0.001167	0.989822
32	F	X	0.007858	0.001169	0.990973
33	K	X	0.006839	0.001038	0.992124
34	S	X	0.006004	0.000853	0.993143
35	I	X	0.005436	0.000584	0.993979
36	H	X	0.004959	0.000494	0.994547
37	K	X	0.004570	0.000406	0.995023
38	P	X	0.004195	0.000393	0.995412
39	P	X	0.003693	0.000521	0.995786
40	T	X	0.003349	0.000362	0.996289
41	R	X	0.003018	0.000348	0.996633
42	P	X	0.002640	0.000397	0.996963
43	S	X	0.002350	0.000307	0.997343
44	I	X	0.002216	0.000148	0.997636
45	L	X	0.002103	0.000129	0.997768
46	P	X	0.001939	0.000182	0.997879
47	L	X	0.001801	0.000156	0.998043
48	I	X	0.001688	0.000132	0.998180
49	S	X	0.001562	0.000147	0.998292
50	R	X	0.001431	0.000153	0.998417
51	Y	X	0.001309	0.000143	0.998548
52	G	X	0.001197	0.000131	0.998672
53	D	X	0.001138	0.000078	0.998784
54	L	X	0.001064	0.000095	0.998840
55	I	X	0.000995	0.000093	0.998912
56	S	X	0.000920	0.000101	0.998979
57	S	X	0.000834	0.000115	0.999051
58	S	X	0.000754	0.000107	0.999139
59	Q	X	0.000685	0.000092	0.999223
60	E	X	0.000617	0.000090	0.999293
61	L	X	0.000558	0.000078	0.999363
62	D	X	0.000500	0.000077	0.999422
63	F	X	0.000450	0.000070	0.999480
64	H	X	0.000391	0.000079	0.999530
65	L	X	0.000331	0.000081	0.999589
66	A	X	0.000271	0.000078	0.999651
67	G	X	0.000211	0.000076	0.999713
68	L	X	0.000150	0.000075	0.999775
69	K	X	0.000112	0.000050	0.999839
70	S	X	0.000110	0.000012	0.999878
