# Name=Parent_mRNA.Tenebrio_molitor_scaffold_7.1160.1
# pos	aa	SP	CS	OTHER
1	M	S	0.831744	0.000005	0.168251
2	L	S	0.831740	0.000012	0.168248
3	L	S	0.831736	0.000013	0.168251
4	A	S	0.831736	0.000011	0.168253
5	A	S	0.831733	0.000016	0.168252
6	T	S	0.831724	0.000021	0.168254
7	V	S	0.831718	0.000020	0.168262
8	V	S	0.831709	0.000023	0.168268
9	L	S	0.831683	0.000039	0.168279
10	I	S	0.831600	0.000091	0.168309
11	C	S	0.831341	0.000265	0.168394
12	A	S	0.830529	0.000817	0.168654
13	S	S	0.830130	0.000406	0.169464
14	P	S	0.828405	0.001726	0.169869
15	A	S	0.826189	0.002214	0.171597
16	L	S	0.822190	0.003984	0.173826
17	A	C	0.379169	0.442998	0.177833
18	F	X	0.369884	0.009300	0.620816
19	L	X	0.344789	0.025087	0.630124
20	A	X	0.239951	0.104831	0.655218
21	A	X	0.191847	0.048103	0.760051
22	R	X	0.169822	0.022020	0.808158
23	S	X	0.080110	0.089713	0.830178
24	G	X	0.069516	0.010588	0.919896
25	G	X	0.030625	0.038890	0.930485
26	F	X	0.027725	0.002897	0.969378
27	P	X	0.023937	0.003788	0.972275
28	K	X	0.020634	0.003305	0.976061
29	F	X	0.019247	0.001391	0.979362
30	P	X	0.016214	0.003039	0.980746
31	A	X	0.013528	0.002694	0.983778
32	D	X	0.012109	0.001428	0.986464
33	A	X	0.009728	0.002391	0.987881
34	C	X	0.008742	0.000995	0.990263
35	G	X	0.007830	0.000923	0.991247
36	R	X	0.006760	0.001083	0.992157
37	R	X	0.005476	0.001297	0.993226
38	A	X	0.004363	0.001126	0.994511
39	I	X	0.003851	0.000521	0.995628
40	S	X	0.003367	0.000492	0.996141
41	W	X	0.003033	0.000342	0.996625
42	T	X	0.002771	0.000271	0.996958
43	P	X	0.002509	0.000272	0.997219
44	D	X	0.002242	0.000278	0.997480
45	R	X	0.001995	0.000258	0.997747
46	E	X	0.001781	0.000225	0.997993
47	P	X	0.001580	0.000212	0.998208
48	R	X	0.001324	0.000268	0.998408
49	V	X	0.001199	0.000135	0.998667
50	V	X	0.001083	0.000126	0.998791
51	G	X	0.000909	0.000185	0.998906
52	G	X	0.000732	0.000188	0.999079
53	E	X	0.000639	0.000102	0.999259
54	E	X	0.000575	0.000072	0.999354
55	P	X	0.000509	0.000073	0.999418
56	P	X	0.000446	0.000071	0.999483
57	Y	X	0.000397	0.000056	0.999546
58	G	X	0.000347	0.000058	0.999595
59	A	X	0.000303	0.000050	0.999646
60	V	X	0.000285	0.000025	0.999690
61	P	X	0.000258	0.000034	0.999708
62	W	X	0.000232	0.000034	0.999734
63	Q	X	0.000209	0.000032	0.999759
64	V	X	0.000192	0.000025	0.999783
65	E	X	0.000169	0.000033	0.999798
66	L	X	0.000144	0.000035	0.999821
67	R	X	0.000115	0.000038	0.999847
68	L	X	0.000087	0.000036	0.999877
69	G	X	0.000067	0.000027	0.999906
70	E	X	0.000067	0.000007	0.999926
