# Name=Parent_mRNA.Tenebrio_molitor_scaffold_7.427.1
# pos	aa	SP	CS	OTHER
1	M	S	0.881531	0.000003	0.118466
2	F	S	0.881529	0.000008	0.118464
3	S	S	0.881531	0.000006	0.118463
4	L	S	0.881534	0.000005	0.118461
5	K	S	0.881539	0.000005	0.118456
6	F	S	0.881539	0.000010	0.118451
7	V	S	0.881542	0.000008	0.118450
8	F	S	0.881542	0.000011	0.118447
9	F	S	0.881538	0.000014	0.118448
10	I	S	0.881530	0.000015	0.118455
11	L	S	0.881502	0.000031	0.118467
12	L	S	0.881376	0.000123	0.118501
13	S	S	0.880973	0.000395	0.118631
14	T	S	0.879761	0.001201	0.119038
15	T	S	0.876933	0.002811	0.120255
16	N	S	0.871026	0.005883	0.123091
17	V	S	0.835916	0.035074	0.129010
18	T	S	0.788296	0.047584	0.164120
19	L	S	0.632305	0.155963	0.211732
20	V	S	0.552362	0.079922	0.367716
21	F	S	0.528866	0.023481	0.447652
22	C	C	0.118888	0.409974	0.471138
23	V	X	0.111345	0.007534	0.881121
24	C	X	0.037978	0.073365	0.888658
25	E	X	0.029359	0.008615	0.962026
26	K	X	0.018941	0.010417	0.970642
27	S	X	0.012719	0.006222	0.981059
28	F	X	0.009857	0.002862	0.987281
29	V	X	0.007309	0.002550	0.990141
30	I	X	0.006504	0.000807	0.992689
31	V	X	0.005468	0.001040	0.993491
32	C	X	0.004387	0.001087	0.994526
33	E	X	0.003815	0.000578	0.995607
34	S	X	0.003020	0.000802	0.996177
35	L	X	0.002540	0.000488	0.996973
36	S	X	0.002020	0.000528	0.997453
37	D	X	0.001721	0.000305	0.997974
38	V	X	0.001540	0.000187	0.998273
39	E	X	0.001341	0.000206	0.998454
40	Y	X	0.001183	0.000164	0.998652
41	N	X	0.001072	0.000119	0.998810
42	T	X	0.000963	0.000117	0.998921
43	M	X	0.000852	0.000119	0.999029
44	K	X	0.000742	0.000118	0.999139
45	K	X	0.000648	0.000103	0.999249
46	T	X	0.000587	0.000069	0.999344
47	W	X	0.000526	0.000069	0.999404
48	T	X	0.000472	0.000064	0.999464
49	E	X	0.000446	0.000036	0.999519
50	L	X	0.000417	0.000040	0.999543
51	L	X	0.000385	0.000045	0.999570
52	I	X	0.000356	0.000041	0.999603
53	Q	X	0.000322	0.000048	0.999630
54	G	X	0.000283	0.000054	0.999663
55	D	X	0.000261	0.000034	0.999705
56	K	X	0.000235	0.000038	0.999727
57	F	X	0.000208	0.000039	0.999753
58	D	X	0.000185	0.000034	0.999781
59	E	X	0.000166	0.000030	0.999805
60	T	X	0.000154	0.000021	0.999825
61	P	X	0.000141	0.000022	0.999837
62	P	X	0.000124	0.000027	0.999849
63	K	X	0.000113	0.000020	0.999867
64	Y	X	0.000105	0.000017	0.999878
65	I	X	0.000095	0.000019	0.999886
66	L	X	0.000080	0.000024	0.999896
67	S	X	0.000062	0.000028	0.999910
68	S	X	0.000044	0.000025	0.999931
69	K	X	0.000029	0.000020	0.999950
70	Q	X	0.000030	0.000004	0.999966
