# Name=Parent_mRNA.Tenebrio_molitor_scaffold_16.5.1
# pos	aa	SP	CS	OTHER
1	M	X	0.032852	0.000007	0.967141
2	F	X	0.032807	0.000014	0.967179
3	I	X	0.032777	0.000009	0.967215
4	R	X	0.032748	0.000008	0.967243
5	I	X	0.032723	0.000008	0.967269
6	I	X	0.032700	0.000006	0.967293
7	T	X	0.032667	0.000019	0.967314
8	V	X	0.032627	0.000027	0.967346
9	F	X	0.032595	0.000021	0.967384
10	E	X	0.032546	0.000041	0.967413
11	V	X	0.032498	0.000042	0.967460
12	N	X	0.032454	0.000040	0.967507
13	L	X	0.032219	0.000231	0.967551
14	V	X	0.032008	0.000206	0.967785
15	S	X	0.031136	0.000868	0.967996
16	G	X	0.009538	0.021596	0.968866
17	M	X	0.008110	0.001425	0.990465
18	K	X	0.006900	0.001209	0.991891
19	Q	X	0.006091	0.000809	0.993101
20	L	X	0.005643	0.000448	0.993909
21	I	X	0.005270	0.000374	0.994356
22	L	X	0.004733	0.000539	0.994728
23	F	X	0.004169	0.000567	0.995265
24	G	X	0.003042	0.001130	0.995828
25	E	X	0.002784	0.000260	0.996956
26	N	X	0.002491	0.000296	0.997213
27	L	X	0.002296	0.000198	0.997506
28	N	X	0.002062	0.000237	0.997701
29	R	X	0.001731	0.000335	0.997934
30	S	X	0.001153	0.000581	0.998265
31	L	X	0.001004	0.000152	0.998844
32	P	X	0.000705	0.000302	0.998993
33	N	X	0.000600	0.000107	0.999293
34	P	X	0.000569	0.000035	0.999396
