# Name=Parent_mRNA.Tenebrio_molitor_scaffold_7.1048.1
# pos	aa	SP	CS	OTHER
1	M	X	0.011848	0.000003	0.988149
2	L	X	0.011813	0.000007	0.988180
3	A	X	0.011786	0.000008	0.988206
4	C	X	0.011762	0.000007	0.988231
5	S	X	0.011739	0.000008	0.988253
6	R	X	0.011710	0.000016	0.988274
7	S	X	0.011681	0.000018	0.988301
8	E	X	0.011644	0.000028	0.988328
9	V	X	0.011613	0.000024	0.988364
10	N	X	0.011576	0.000030	0.988394
11	L	X	0.011504	0.000066	0.988430
12	V	X	0.011418	0.000081	0.988501
13	R	X	0.011302	0.000112	0.988586
14	L	X	0.011133	0.000166	0.988701
15	A	X	0.010917	0.000213	0.988870
16	I	X	0.010799	0.000116	0.989085
17	Y	X	0.010740	0.000057	0.989203
18	P	X	0.010616	0.000123	0.989260
19	S	X	0.010549	0.000067	0.989384
20	V	X	0.010510	0.000039	0.989451
21	W	X	0.010401	0.000108	0.989490
22	C	X	0.003842	0.006561	0.989597
23	A	X	0.003456	0.000385	0.996158
24	D	X	0.003230	0.000226	0.996544
25	C	X	0.001811	0.001420	0.996769
26	K	X	0.001611	0.000201	0.998188
27	R	X	0.001349	0.000263	0.998388
28	S	X	0.001161	0.000189	0.998650
29	T	X	0.001050	0.000112	0.998838
30	F	X	0.000937	0.000114	0.998949
31	L	X	0.000825	0.000113	0.999062
32	T	X	0.000733	0.000094	0.999173
33	T	X	0.000661	0.000073	0.999266
34	V	X	0.000624	0.000038	0.999338
35	N	X	0.000583	0.000043	0.999374
36	L	X	0.000518	0.000067	0.999415
37	S	X	0.000461	0.000059	0.999480
38	E	X	0.000416	0.000047	0.999537
39	E	X	0.000352	0.000067	0.999582
40	S	X	0.000299	0.000055	0.999646
41	L	X	0.000261	0.000039	0.999699
42	H	X	0.000226	0.000037	0.999737
43	L	X	0.000192	0.000036	0.999772
44	C	X	0.000163	0.000030	0.999806
45	I	X	0.000137	0.000028	0.999835
46	I	X	0.000110	0.000029	0.999861
47	K	X	0.000089	0.000022	0.999889
48	T	X	0.000089	0.000003	0.999908
