# Name=Parent_mRNA.Tenebrio_molitor_scaffold_16.89.1
# pos	aa	SP	CS	OTHER
1	M	S	0.990357	0.000001	0.009642
2	T	S	0.990376	0.000003	0.009621
3	K	S	0.990393	0.000003	0.009604
4	M	S	0.990417	0.000001	0.009582
5	L	S	0.990439	0.000001	0.009560
6	S	S	0.990460	0.000001	0.009539
7	I	S	0.990479	0.000002	0.009518
8	C	S	0.990501	0.000002	0.009496
9	L	S	0.990522	0.000002	0.009476
10	N	S	0.990541	0.000002	0.009457
11	L	S	0.990556	0.000004	0.009440
12	I	S	0.990558	0.000013	0.009428
13	L	S	0.990536	0.000036	0.009428
14	I	S	0.990465	0.000081	0.009454
15	V	S	0.990299	0.000173	0.009528
16	S	S	0.988000	0.002301	0.009700
17	T	S	0.968148	0.019847	0.012004
18	N	S	0.963267	0.004874	0.031859
19	C	C	0.217692	0.745572	0.036736
20	Y	X	0.213394	0.004308	0.782297
21	T	X	0.014561	0.198842	0.786598
22	I	X	0.013119	0.001437	0.985443
23	N	X	0.010293	0.002824	0.986882
24	L	X	0.007434	0.002860	0.989706
25	N	X	0.006052	0.001384	0.992565
26	H	X	0.004825	0.001229	0.993946
27	K	X	0.003507	0.001321	0.995172
28	E	X	0.002899	0.000611	0.996490
29	F	X	0.002449	0.000453	0.997098
30	N	X	0.002072	0.000381	0.997547
31	N	X	0.001752	0.000324	0.997924
32	D	X	0.001494	0.000263	0.998244
33	S	X	0.001255	0.000243	0.998502
34	N	X	0.001086	0.000174	0.998740
35	F	X	0.000938	0.000153	0.998909
36	G	X	0.000814	0.000129	0.999056
37	G	X	0.000693	0.000128	0.999180
38	S	X	0.000603	0.000096	0.999301
39	E	X	0.000525	0.000084	0.999391
40	S	X	0.000437	0.000095	0.999468
41	H	X	0.000379	0.000063	0.999558
42	K	X	0.000318	0.000067	0.999615
43	Y	X	0.000280	0.000043	0.999677
44	N	X	0.000247	0.000038	0.999715
45	N	X	0.000224	0.000028	0.999748
46	N	X	0.000204	0.000026	0.999770
47	F	X	0.000187	0.000023	0.999791
48	T	X	0.000172	0.000021	0.999807
49	I	X	0.000159	0.000019	0.999822
50	N	X	0.000144	0.000022	0.999834
51	E	X	0.000128	0.000024	0.999849
52	S	X	0.000113	0.000022	0.999865
53	E	X	0.000101	0.000018	0.999881
54	I	X	0.000092	0.000014	0.999893
55	N	X	0.000085	0.000013	0.999902
56	I	X	0.000081	0.000010	0.999909
57	Y	X	0.000075	0.000012	0.999912
58	V	X	0.000068	0.000014	0.999917
59	K	X	0.000062	0.000014	0.999924
60	E	X	0.000057	0.000012	0.999931
61	P	X	0.000050	0.000014	0.999937
62	T	X	0.000046	0.000009	0.999944
63	G	X	0.000045	0.000008	0.999948
64	G	X	0.000042	0.000009	0.999950
65	Y	X	0.000038	0.000009	0.999952
66	S	X	0.000033	0.000011	0.999956
67	V	X	0.000030	0.000009	0.999961
68	S	X	0.000023	0.000012	0.999965
69	D	X	0.000017	0.000010	0.999973
70	E	X	0.000018	0.000003	0.999979
