# Name=Parent_mRNA.Tenebrio_molitor_scaffold_15.301.1
# pos	aa	SP	CS	OTHER
1	M	X	0.035397	0.000004	0.964599
2	L	X	0.035366	0.000005	0.964629
3	T	X	0.035345	0.000003	0.964652
4	F	X	0.035325	0.000004	0.964671
5	C	X	0.035306	0.000005	0.964689
6	K	X	0.035287	0.000007	0.964706
7	I	X	0.035272	0.000005	0.964724
8	G	X	0.035254	0.000008	0.964737
9	V	X	0.035237	0.000009	0.964754
10	S	X	0.035207	0.000024	0.964769
11	T	X	0.035117	0.000086	0.964797
12	K	X	0.035056	0.000059	0.964885
13	R	X	0.034905	0.000151	0.964944
14	V	X	0.034828	0.000078	0.965094
15	Y	X	0.034773	0.000057	0.965170
16	Y	X	0.034673	0.000103	0.965224
17	L	X	0.034613	0.000064	0.965323
18	F	X	0.034547	0.000070	0.965383
19	S	X	0.034312	0.000240	0.965448
20	C	X	0.034091	0.000227	0.965683
21	I	X	0.033898	0.000197	0.965904
22	L	X	0.033651	0.000252	0.966097
23	Q	X	0.033375	0.000282	0.966343
24	N	X	0.033129	0.000252	0.966620
25	E	X	0.033100	0.000036	0.966864
26	L	X	0.032890	0.000217	0.966893
27	C	X	0.031902	0.000996	0.967102
28	R	X	0.030692	0.001218	0.968090
29	S	X	0.002361	0.028350	0.969289
30	T	X	0.001744	0.000619	0.997638
31	D	X	0.001433	0.000312	0.998255
32	R	X	0.000658	0.000778	0.998564
33	G	X	0.000458	0.000202	0.999340
34	V	X	0.000416	0.000044	0.999541
35	C	X	0.000338	0.000080	0.999582
36	F	X	0.000295	0.000045	0.999660
37	L	X	0.000256	0.000042	0.999702
38	R	X	0.000209	0.000050	0.999740
39	N	X	0.000185	0.000027	0.999788
40	E	X	0.000165	0.000023	0.999812
41	L	X	0.000149	0.000019	0.999831
42	S	X	0.000131	0.000022	0.999847
43	F	X	0.000118	0.000016	0.999866
44	R	X	0.000104	0.000018	0.999878
45	M	X	0.000095	0.000012	0.999893
46	C	X	0.000090	0.000009	0.999901
47	Y	X	0.000086	0.000007	0.999906
48	F	X	0.000081	0.000009	0.999909
49	D	X	0.000079	0.000007	0.999914
50	T	X	0.000076	0.000008	0.999916
51	N	X	0.000074	0.000007	0.999918
52	N	X	0.000072	0.000008	0.999921
53	V	X	0.000070	0.000007	0.999923
54	V	X	0.000069	0.000007	0.999924
55	Q	X	0.000067	0.000009	0.999924
56	N	X	0.000064	0.000009	0.999927
57	K	X	0.000062	0.000008	0.999930
58	V	X	0.000061	0.000006	0.999932
59	P	X	0.000060	0.000008	0.999933
60	S	X	0.000057	0.000010	0.999934
61	S	X	0.000055	0.000008	0.999937
62	E	X	0.000052	0.000009	0.999939
63	V	X	0.000049	0.000009	0.999941
64	R	X	0.000046	0.000010	0.999944
65	E	X	0.000039	0.000012	0.999948
66	A	X	0.000033	0.000012	0.999955
67	T	X	0.000028	0.000009	0.999963
68	E	X	0.000025	0.000008	0.999968
69	W	X	0.000027	0.000002	0.999971
