# Name=Parent_mRNA.Tenebrio_molitor_scaffold_16.84.1
# pos	aa	SP	CS	OTHER
1	M	S	0.975962	0.000001	0.024037
2	H	S	0.975973	0.000004	0.024023
3	S	S	0.975988	0.000002	0.024010
4	L	S	0.976002	0.000003	0.023995
5	I	S	0.976016	0.000002	0.023981
6	I	S	0.976031	0.000002	0.023967
7	I	S	0.976046	0.000002	0.023952
8	L	S	0.976057	0.000003	0.023939
9	V	S	0.976064	0.000005	0.023930
10	L	S	0.976053	0.000021	0.023927
11	G	S	0.975865	0.000193	0.023942
12	V	S	0.975722	0.000147	0.024132
13	I	S	0.975400	0.000321	0.024279
14	F	S	0.974102	0.001290	0.024607
15	V	S	0.971082	0.003005	0.025912
16	T	S	0.956767	0.014285	0.028947
17	G	C	0.068303	0.888421	0.043276
18	E	X	0.037280	0.030997	0.931723
19	H	X	0.022913	0.014343	0.962744
20	N	X	0.019925	0.002975	0.977101
21	P	X	0.015720	0.004196	0.980084
22	N	X	0.013227	0.002487	0.984285
23	H	X	0.011383	0.001841	0.986776
24	H	X	0.008476	0.002907	0.988617
25	S	X	0.005179	0.003298	0.991523
26	V	X	0.004347	0.000832	0.994821
27	I	X	0.003920	0.000429	0.995651
28	P	X	0.002868	0.001056	0.996077
29	R	X	0.002422	0.000449	0.997129
30	Y	X	0.002193	0.000233	0.997574
31	I	X	0.001975	0.000224	0.997801
32	K	X	0.001753	0.000229	0.998019
33	N	X	0.001588	0.000172	0.998240
34	N	X	0.001429	0.000167	0.998404
35	V	X	0.001299	0.000139	0.998562
36	K	X	0.001171	0.000137	0.998692
37	N	X	0.001042	0.000140	0.998818
38	A	X	0.000924	0.000129	0.998947
39	I	X	0.000846	0.000088	0.999066
40	K	X	0.000753	0.000103	0.999143
41	S	X	0.000659	0.000106	0.999236
42	S	X	0.000588	0.000080	0.999332
43	D	X	0.000531	0.000065	0.999403
44	K	X	0.000476	0.000064	0.999460
45	D	X	0.000437	0.000047	0.999516
46	N	X	0.000400	0.000046	0.999554
47	Y	X	0.000367	0.000042	0.999591
48	K	X	0.000335	0.000041	0.999624
49	E	X	0.000311	0.000033	0.999656
50	V	X	0.000292	0.000029	0.999680
51	N	X	0.000269	0.000033	0.999698
52	K	X	0.000247	0.000032	0.999721
53	E	X	0.000234	0.000024	0.999743
54	W	X	0.000222	0.000022	0.999755
55	K	X	0.000209	0.000026	0.999766
56	F	X	0.000200	0.000021	0.999779
57	R	X	0.000185	0.000028	0.999787
58	S	X	0.000175	0.000024	0.999801
59	R	X	0.000160	0.000028	0.999812
60	G	X	0.000149	0.000022	0.999829
61	D	X	0.000142	0.000017	0.999841
62	F	X	0.000133	0.000019	0.999848
63	L	X	0.000124	0.000020	0.999856
64	K	X	0.000114	0.000020	0.999865
65	E	X	0.000103	0.000021	0.999875
66	N	X	0.000092	0.000020	0.999887
67	E	X	0.000081	0.000020	0.999899
68	I	X	0.000070	0.000018	0.999912
69	T	X	0.000062	0.000016	0.999923
70	F	X	0.000062	0.000010	0.999928
