# Name=Parent_mRNA.Tenebrio_molitor_scaffold_7.1505.1
# pos	aa	SP	CS	OTHER
1	M	S	0.987758	0.000002	0.012240
2	A	S	0.987780	0.000007	0.012213
3	F	S	0.987809	0.000005	0.012186
4	K	S	0.987832	0.000009	0.012159
5	T	S	0.987858	0.000010	0.012133
6	C	S	0.987879	0.000015	0.012106
7	G	S	0.987890	0.000027	0.012083
8	F	S	0.987902	0.000032	0.012066
9	R	S	0.987918	0.000031	0.012052
10	K	S	0.987934	0.000032	0.012034
11	N	S	0.987967	0.000020	0.012012
12	W	S	0.988002	0.000019	0.011979
13	L	S	0.988023	0.000034	0.011943
14	I	S	0.988063	0.000017	0.011920
15	I	S	0.988096	0.000019	0.011885
16	A	S	0.988074	0.000070	0.011856
17	V	S	0.988075	0.000042	0.011883
18	I	S	0.988023	0.000087	0.011890
19	V	S	0.987917	0.000133	0.011950
20	M	S	0.986867	0.001067	0.012067
21	C	S	0.982097	0.004780	0.013124
22	L	S	0.978478	0.003621	0.017901
23	C	S	0.867259	0.111200	0.021541
24	T	S	0.836831	0.030402	0.132768
25	E	S	0.802374	0.034405	0.163221
26	Y	S	0.783141	0.019185	0.197674
27	H	S	0.778242	0.004854	0.216904
28	C	S	0.445540	0.332635	0.221825
29	Q	S	0.436804	0.008704	0.554492
30	C	C	0.077600	0.359192	0.563209
31	T	X	0.069488	0.008103	0.922409
32	G	X	0.043787	0.025702	0.930511
33	G	X	0.014126	0.029666	0.956208
34	A	X	0.004664	0.009463	0.985873
35	D	X	0.003345	0.001319	0.995336
36	C	X	0.001259	0.002088	0.996653
37	T	X	0.000978	0.000282	0.998740
38	S	X	0.000747	0.000233	0.999021
39	C	X	0.000577	0.000172	0.999251
40	S	X	0.000435	0.000145	0.999420
41	A	X	0.000224	0.000214	0.999562
42	A	X	0.000116	0.000109	0.999774
43	C	X	0.000069	0.000049	0.999882
44	T	X	0.000056	0.000013	0.999930
45	G	X	0.000037	0.000020	0.999942
46	C	X	0.000028	0.000011	0.999961
47	G	X	0.000026	0.000004	0.999970
48	N	X	0.000023	0.000005	0.999972
49	C	X	0.000022	0.000003	0.999975
50	P	X	0.000022	0.000003	0.999975
51	N	X	0.000018	0.000007	0.999975
52	A	X	0.000015	0.000006	0.999979
53	V	X	0.000015	0.000002	0.999983
54	T	X	0.000015	0.000003	0.999982
55	C	X	0.000013	0.000005	0.999982
56	T	X	0.000014	0.000002	0.999983
57	D	X	0.000014	0.000004	0.999982
58	S	X	0.000013	0.000005	0.999982
59	Q	X	0.000014	0.000003	0.999983
60	N	X	0.000015	0.000003	0.999982
61	C	X	0.000015	0.000004	0.999981
62	V	X	0.000017	0.000003	0.999980
63	K	X	0.000016	0.000007	0.999977
64	A	X	0.000012	0.000011	0.999977
65	V	X	0.000013	0.000003	0.999984
66	T	X	0.000012	0.000004	0.999984
67	C	X	0.000010	0.000006	0.999984
68	T	X	0.000010	0.000004	0.999987
69	G	X	0.000008	0.000005	0.999987
70	S	X	0.000010	0.000001	0.999988
