# Name=Parent_mRNA.Tenebrio_molitor_scaffold_14.212.1
# pos	aa	SP	CS	OTHER
1	M	X	0.070560	0.000006	0.929434
2	K	X	0.070485	0.000014	0.929500
3	N	X	0.070422	0.000011	0.929567
4	V	X	0.070368	0.000007	0.929625
5	L	X	0.070307	0.000015	0.929678
6	L	X	0.070211	0.000052	0.929736
7	F	X	0.070104	0.000063	0.929833
8	S	X	0.069974	0.000084	0.929942
9	L	X	0.069868	0.000056	0.930076
10	F	X	0.069703	0.000112	0.930185
11	S	X	0.068810	0.000843	0.930347
12	E	X	0.067801	0.000967	0.931231
13	N	X	0.064319	0.003447	0.932234
14	I	X	0.063828	0.000462	0.935710
15	I	X	0.062638	0.001162	0.936200
16	R	X	0.060489	0.002125	0.937386
17	P	X	0.056169	0.004302	0.939529
18	P	X	0.054615	0.001543	0.943842
19	M	X	0.053959	0.000648	0.945393
20	I	X	0.052239	0.001714	0.946047
21	S	X	0.019449	0.032791	0.947761
22	K	X	0.007103	0.012347	0.980550
23	E	X	0.006332	0.000768	0.992899
24	P	X	0.005628	0.000703	0.993669
25	V	X	0.005292	0.000336	0.994372
26	N	X	0.004893	0.000400	0.994707
27	T	X	0.003877	0.001019	0.995104
28	E	X	0.003553	0.000325	0.996121
29	M	X	0.003192	0.000364	0.996444
30	R	X	0.002835	0.000361	0.996804
31	V	X	0.002607	0.000231	0.997162
32	L	X	0.002401	0.000209	0.997390
33	R	X	0.002128	0.000277	0.997595
34	V	X	0.001951	0.000181	0.997868
35	A	X	0.001778	0.000176	0.998046
36	I	X	0.001641	0.000141	0.998218
37	L	X	0.001509	0.000136	0.998355
38	K	X	0.001366	0.000148	0.998487
39	F	X	0.001250	0.000119	0.998631
40	N	X	0.001158	0.000096	0.998746
41	V	X	0.001098	0.000064	0.998838
42	T	X	0.001040	0.000062	0.998898
43	I	X	0.000989	0.000055	0.998955
44	F	X	0.000930	0.000065	0.999005
45	G	X	0.000852	0.000085	0.999064
46	K	X	0.000790	0.000067	0.999143
47	K	X	0.000732	0.000063	0.999204
48	N	X	0.000679	0.000059	0.999262
49	E	X	0.000633	0.000051	0.999317
50	D	X	0.000590	0.000047	0.999362
51	L	X	0.000555	0.000041	0.999404
52	V	X	0.000519	0.000042	0.999440
53	K	X	0.000482	0.000044	0.999475
54	S	X	0.000445	0.000043	0.999511
55	I	X	0.000431	0.000021	0.999548
56	W	X	0.000403	0.000036	0.999561
57	A	X	0.000313	0.000099	0.999587
58	F	X	0.000290	0.000030	0.999681
59	D	X	0.000266	0.000030	0.999704
60	S	X	0.000241	0.000031	0.999728
61	N	X	0.000219	0.000028	0.999753
62	E	X	0.000199	0.000026	0.999775
63	F	X	0.000179	0.000026	0.999795
64	L	X	0.000160	0.000025	0.999815
65	N	X	0.000142	0.000024	0.999834
66	D	X	0.000123	0.000025	0.999852
67	A	X	0.000102	0.000028	0.999870
68	Q	X	0.000085	0.000023	0.999892
69	A	X	0.000063	0.000028	0.999909
70	Q	X	0.000065	0.000003	0.999933
