# Name=Parent_mRNA.Tenebrio_molitor_scaffold_7.658.1
# pos	aa	SP	CS	OTHER
1	M	S	0.983135	0.000001	0.016864
2	A	S	0.983152	0.000003	0.016845
3	T	S	0.983169	0.000003	0.016829
4	R	S	0.983188	0.000002	0.016810
5	V	S	0.983207	0.000002	0.016791
6	F	S	0.983227	0.000002	0.016771
7	L	S	0.983249	0.000001	0.016750
8	L	S	0.983269	0.000001	0.016730
9	F	S	0.983286	0.000001	0.016713
10	V	S	0.983298	0.000002	0.016700
11	L	S	0.983301	0.000007	0.016693
12	L	S	0.983268	0.000038	0.016694
13	Q	S	0.983203	0.000068	0.016729
14	L	S	0.982911	0.000291	0.016798
15	V	S	0.982493	0.000412	0.017095
16	Q	S	0.979578	0.002899	0.017523
17	S	C	0.045089	0.934460	0.020450
18	D	X	0.042163	0.002917	0.954920
19	K	X	0.017873	0.024277	0.957849
20	L	X	0.016006	0.001861	0.982134
21	L	X	0.013611	0.002391	0.983999
22	F	X	0.007660	0.005949	0.986391
23	E	X	0.006350	0.001310	0.992340
24	Q	X	0.004952	0.001399	0.993649
25	G	X	0.003907	0.001047	0.995046
26	K	X	0.003306	0.000603	0.996091
27	M	X	0.002813	0.000497	0.996690
28	R	X	0.002255	0.000562	0.997182
29	L	X	0.001884	0.000376	0.997740
30	G	X	0.001572	0.000318	0.998110
31	T	X	0.001390	0.000187	0.998422
32	H	X	0.001164	0.000233	0.998603
33	G	X	0.000863	0.000309	0.998828
34	R	X	0.000681	0.000189	0.999131
35	K	X	0.000547	0.000139	0.999314
36	R	X	0.000431	0.000121	0.999448
37	N	X	0.000370	0.000066	0.999565
38	Y	X	0.000324	0.000049	0.999626
39	Y	X	0.000292	0.000037	0.999672
40	N	X	0.000267	0.000029	0.999704
41	V	X	0.000254	0.000018	0.999728
42	H	X	0.000240	0.000020	0.999740
43	H	X	0.000220	0.000027	0.999753
44	I	X	0.000204	0.000023	0.999773
45	D	X	0.000194	0.000018	0.999788
46	E	X	0.000184	0.000018	0.999798
47	K	X	0.000170	0.000023	0.999807
48	L	X	0.000161	0.000018	0.999821
49	I	X	0.000152	0.000018	0.999830
50	G	X	0.000145	0.000017	0.999839
51	Q	X	0.000137	0.000017	0.999846
52	G	X	0.000130	0.000016	0.999853
53	H	X	0.000125	0.000015	0.999860
54	Q	X	0.000119	0.000016	0.999865
55	L	X	0.000115	0.000014	0.999871
56	V	X	0.000115	0.000010	0.999875
57	V	X	0.000113	0.000012	0.999875
58	V	X	0.000113	0.000012	0.999875
59	R	X	0.000107	0.000018	0.999874
60	A	X	0.000097	0.000025	0.999878
61	W	X	0.000093	0.000015	0.999891
62	M	X	0.000086	0.000017	0.999897
63	E	X	0.000082	0.000014	0.999905
64	T	X	0.000076	0.000015	0.999909
65	V	X	0.000072	0.000012	0.999916
66	H	X	0.000067	0.000014	0.999919
67	P	X	0.000057	0.000020	0.999924
68	E	X	0.000049	0.000015	0.999936
69	A	X	0.000043	0.000013	0.999945
70	V	X	0.000046	0.000006	0.999948
