# Name=Parent_mRNA.Tenebrio_molitor_scaffold_7.524.1
# pos	aa	SP	CS	OTHER
1	F	S	0.957276	0.000004	0.042720
2	Q	S	0.957276	0.000014	0.042710
3	F	S	0.957281	0.000011	0.042708
4	V	S	0.957291	0.000004	0.042704
5	V	S	0.957301	0.000005	0.042695
6	L	S	0.957306	0.000008	0.042686
7	A	S	0.957292	0.000025	0.042683
8	A	S	0.957272	0.000030	0.042698
9	A	S	0.957198	0.000080	0.042722
10	L	S	0.957134	0.000066	0.042800
11	A	S	0.956405	0.000726	0.042870
12	V	S	0.955827	0.000572	0.043601
13	A	S	0.947455	0.008356	0.044190
14	N	S	0.942015	0.005418	0.052567
15	A	C	0.593347	0.348631	0.058022
16	G	X	0.582418	0.010935	0.406647
17	L	X	0.557637	0.024771	0.417591
18	L	X	0.551304	0.006328	0.442368
19	P	X	0.531278	0.020019	0.448703
20	A	X	0.508542	0.022729	0.468730
21	A	X	0.471052	0.037475	0.491473
22	A	X	0.414329	0.056705	0.528966
23	P	X	0.338001	0.076315	0.585683
24	A	X	0.299811	0.038180	0.662009
25	V	X	0.278645	0.021159	0.700196
26	A	X	0.196949	0.081690	0.721361
27	Y	X	0.173716	0.023230	0.803054
28	S	X	0.127913	0.045804	0.826283
29	A	X	0.106055	0.021858	0.872087
30	A	X	0.090321	0.015733	0.893945
31	P	X	0.071366	0.018954	0.909679
32	A	X	0.057784	0.013581	0.928635
33	V	X	0.050520	0.007264	0.942217
34	S	X	0.043389	0.007132	0.949479
35	H	X	0.037271	0.006120	0.956609
36	V	X	0.032431	0.004843	0.962726
37	S	X	0.028643	0.003791	0.967566
38	Y	X	0.024370	0.004278	0.971352
39	S	X	0.020202	0.004175	0.975623
40	S	X	0.018032	0.002175	0.979793
41	P	X	0.015737	0.002300	0.981962
42	V	X	0.014263	0.001480	0.984257
43	V	X	0.013036	0.001233	0.985731
44	S	X	0.011537	0.001507	0.986956
45	Y	X	0.010165	0.001381	0.988454
46	G	X	0.008717	0.001458	0.989824
47	A	X	0.008112	0.000615	0.991274
48	P	X	0.007302	0.000819	0.991879
49	L	X	0.006421	0.000892	0.992687
50	A	X	0.005621	0.000810	0.993569
51	A	X	0.004975	0.000657	0.994369
52	P	X	0.004281	0.000703	0.995016
53	A	X	0.003642	0.000649	0.995709
54	I	X	0.003327	0.000322	0.996351
55	T	X	0.002968	0.000368	0.996664
56	S	X	0.002628	0.000348	0.997023
57	Q	X	0.002285	0.000353	0.997362
58	S	X	0.001963	0.000331	0.997706
59	S	X	0.001740	0.000230	0.998029
60	N	X	0.001546	0.000202	0.998252
61	I	X	0.001371	0.000183	0.998446
62	L	X	0.001180	0.000200	0.998620
63	R	X	0.000974	0.000216	0.998810
64	S	X	0.000797	0.000187	0.999017
65	F	X	0.000628	0.000177	0.999196
66	G	X	0.000483	0.000152	0.999366
67	N	X	0.000362	0.000125	0.999513
68	L	X	0.000241	0.000126	0.999633
69	G	X	0.000151	0.000094	0.999755
70	Q	X	0.000138	0.000018	0.999844
