# Name=Parent_mRNA.Tenebrio_molitor_scaffold_7.932.1
# pos	aa	SP	CS	OTHER
1	M	S	0.965254	0.000003	0.034743
2	K	S	0.965265	0.000006	0.034730
3	L	S	0.965281	0.000002	0.034717
4	I	S	0.965299	0.000001	0.034700
5	T	S	0.965315	0.000001	0.034684
6	V	S	0.965331	0.000001	0.034668
7	V	S	0.965347	0.000001	0.034652
8	I	S	0.965361	0.000001	0.034638
9	I	S	0.965373	0.000002	0.034625
10	G	S	0.965368	0.000016	0.034617
11	A	S	0.965314	0.000063	0.034624
12	F	S	0.965274	0.000049	0.034677
13	V	S	0.965155	0.000124	0.034721
14	T	S	0.964979	0.000180	0.034841
15	I	S	0.964475	0.000502	0.035023
16	T	S	0.961546	0.002922	0.035532
17	S	S	0.915328	0.046202	0.038470
18	A	C	0.053188	0.862163	0.084649
19	I	X	0.043967	0.009232	0.946801
20	R	X	0.021283	0.022684	0.956033
21	V	X	0.019306	0.001974	0.978719
22	P	X	0.016246	0.003060	0.980694
23	T	X	0.012731	0.003516	0.983753
24	S	X	0.011117	0.001616	0.987268
25	W	X	0.010310	0.000809	0.988881
26	P	X	0.007223	0.003091	0.989685
27	N	X	0.006550	0.000678	0.992772
28	K	X	0.005823	0.000733	0.993443
29	Q	X	0.005203	0.000627	0.994169
30	K	X	0.004582	0.000629	0.994788
31	L	X	0.004025	0.000566	0.995409
32	Q	X	0.003550	0.000484	0.995966
33	E	X	0.003176	0.000383	0.996441
34	T	X	0.002882	0.000303	0.996815
35	Q	X	0.002604	0.000287	0.997109
36	I	X	0.002404	0.000211	0.997385
37	G	X	0.002225	0.000190	0.997585
38	K	X	0.002027	0.000212	0.997762
39	F	X	0.001852	0.000188	0.997960
40	R	X	0.001659	0.000207	0.998133
41	T	X	0.001527	0.000146	0.998326
42	T	X	0.001416	0.000125	0.998460
43	P	X	0.001308	0.000122	0.998571
44	R	X	0.001199	0.000123	0.998678
45	P	X	0.001099	0.000115	0.998787
46	V	X	0.001015	0.000098	0.998887
47	R	X	0.000919	0.000111	0.998970
48	S	X	0.000823	0.000112	0.999065
49	E	X	0.000754	0.000082	0.999164
50	I	X	0.000699	0.000067	0.999234
51	G	X	0.000637	0.000074	0.999289
52	L	X	0.000581	0.000069	0.999350
53	Q	X	0.000520	0.000074	0.999406
54	T	X	0.000467	0.000065	0.999468
55	R	X	0.000417	0.000060	0.999523
56	P	X	0.000370	0.000056	0.999573
57	P	X	0.000330	0.000050	0.999621
58	H	X	0.000304	0.000034	0.999662
59	V	X	0.000282	0.000030	0.999688
60	V	X	0.000269	0.000022	0.999709
61	Q	X	0.000246	0.000033	0.999721
62	V	X	0.000225	0.000032	0.999744
63	H	X	0.000203	0.000032	0.999765
64	K	X	0.000178	0.000035	0.999787
65	H	X	0.000153	0.000035	0.999813
66	G	X	0.000128	0.000032	0.999839
67	K	X	0.000103	0.000032	0.999865
68	V	X	0.000083	0.000026	0.999891
69	N	X	0.000063	0.000026	0.999911
70	G	X	0.000062	0.000008	0.999930
