# Name=Parent_mRNA.Tenebrio_molitor_scaffold_7.1473.1
# pos	aa	SP	CS	OTHER
1	M	S	0.967977	0.000003	0.032021
2	A	S	0.967994	0.000011	0.031996
3	F	S	0.968019	0.000006	0.031975
4	K	S	0.968026	0.000022	0.031952
5	T	S	0.968043	0.000019	0.031938
6	C	S	0.968046	0.000032	0.031922
7	A	S	0.968033	0.000050	0.031917
8	F	S	0.967992	0.000081	0.031928
9	T	S	0.967945	0.000090	0.031965
10	K	S	0.967864	0.000124	0.032012
11	N	S	0.967832	0.000079	0.032090
12	W	S	0.967784	0.000095	0.032121
13	L	S	0.967666	0.000167	0.032167
14	I	S	0.967649	0.000073	0.032277
15	I	S	0.967635	0.000066	0.032298
16	T	S	0.967595	0.000089	0.032316
17	V	S	0.967544	0.000094	0.032363
18	I	S	0.967356	0.000221	0.032422
19	V	S	0.967017	0.000365	0.032617
20	M	S	0.964921	0.002110	0.032969
21	C	S	0.951846	0.013077	0.035077
22	L	S	0.946064	0.005773	0.048163
23	C	S	0.703608	0.242411	0.053981
24	T	S	0.644854	0.058696	0.296451
25	E	S	0.573734	0.071030	0.355235
26	Y	S	0.547873	0.025787	0.426340
27	Y	S	0.541900	0.005906	0.452194
28	C	S	0.340598	0.201221	0.458181
29	Q	S	0.331404	0.009153	0.659443
30	C	C	0.114083	0.217314	0.668603
31	T	X	0.102511	0.011575	0.885915
32	G	X	0.052673	0.049855	0.897472
33	R	X	0.037816	0.014873	0.947311
34	A	X	0.007052	0.030786	0.962162
35	D	X	0.004866	0.002186	0.992947
36	C	X	0.001236	0.003634	0.995129
37	T	X	0.000758	0.000478	0.998764
38	S	X	0.000413	0.000347	0.999241
39	C	X	0.000183	0.000232	0.999586
40	T	X	0.000135	0.000049	0.999817
41	S	X	0.000081	0.000055	0.999864
42	C	X	0.000043	0.000039	0.999917
43	T	X	0.000037	0.000008	0.999955
44	N	X	0.000029	0.000010	0.999962
45	C	X	0.000021	0.000010	0.999969
46	G	X	0.000019	0.000003	0.999978
47	N	X	0.000018	0.000003	0.999979
48	C	X	0.000019	0.000002	0.999979
49	P	X	0.000019	0.000003	0.999978
50	N	X	0.000017	0.000006	0.999977
51	A	X	0.000014	0.000006	0.999979
52	V	X	0.000015	0.000002	0.999983
53	T	X	0.000016	0.000003	0.999981
54	C	X	0.000015	0.000005	0.999980
55	I	X	0.000017	0.000002	0.999981
56	D	X	0.000017	0.000004	0.999978
57	S	X	0.000017	0.000006	0.999977
58	K	X	0.000018	0.000004	0.999978
59	N	X	0.000019	0.000004	0.999977
60	C	X	0.000020	0.000004	0.999975
61	L	X	0.000022	0.000004	0.999974
62	K	X	0.000021	0.000008	0.999971
63	A	X	0.000017	0.000010	0.999973
64	V	X	0.000017	0.000003	0.999979
65	T	X	0.000016	0.000005	0.999978
66	C	X	0.000014	0.000007	0.999979
67	T	X	0.000014	0.000004	0.999982
68	G	X	0.000012	0.000006	0.999982
69	S	X	0.000010	0.000005	0.999985
70	T	X	0.000013	0.000002	0.999985
