# Name=Parent_mRNA.Tenebrio_molitor_scaffold_7.144.1
# pos	aa	SP	CS	OTHER
1	M	X	0.075780	0.000010	0.924209
2	P	X	0.075718	0.000010	0.924272
3	L	X	0.075664	0.000009	0.924327
4	A	X	0.075614	0.000008	0.924378
5	A	X	0.075564	0.000011	0.924426
6	P	X	0.075510	0.000016	0.924474
7	L	X	0.075462	0.000014	0.924524
8	I	X	0.075415	0.000015	0.924570
9	F	X	0.075363	0.000022	0.924615
10	L	X	0.075263	0.000071	0.924666
11	L	X	0.075182	0.000055	0.924763
12	K	X	0.075108	0.000051	0.924841
13	L	X	0.075037	0.000049	0.924914
14	G	X	0.074947	0.000070	0.924984
15	Y	X	0.074856	0.000071	0.925073
16	S	X	0.073135	0.001703	0.925162
17	L	X	0.072999	0.000125	0.926876
18	R	X	0.072646	0.000344	0.927010
19	L	X	0.072455	0.000185	0.927360
20	K	X	0.072303	0.000149	0.927548
21	V	X	0.072193	0.000109	0.927698
22	P	X	0.072055	0.000138	0.927806
23	L	X	0.071903	0.000156	0.927941
24	F	X	0.071795	0.000114	0.928091
25	I	X	0.071685	0.000117	0.928198
26	V	X	0.071611	0.000082	0.928307
27	F	X	0.071537	0.000082	0.928381
28	L	X	0.071328	0.000216	0.928456
29	C	X	0.071023	0.000312	0.928666
30	F	X	0.070703	0.000325	0.928972
31	L	X	0.069775	0.000933	0.929293
32	L	X	0.068857	0.000923	0.930220
33	D	X	0.067859	0.001002	0.931139
34	I	X	0.066962	0.000902	0.932136
35	R	X	0.064614	0.002353	0.933033
36	M	X	0.053976	0.010644	0.935380
37	Q	X	0.041891	0.012094	0.946015
38	L	X	0.032444	0.009462	0.958094
39	N	X	0.022861	0.009597	0.967541
40	V	X	0.019093	0.003783	0.977124
41	T	X	0.014813	0.004298	0.980889
42	V	X	0.006479	0.008357	0.985164
43	Q	X	0.005149	0.001348	0.993503
44	R	X	0.001659	0.003517	0.994824
45	I	X	0.001439	0.000231	0.998330
46	E	X	0.001292	0.000158	0.998549
47	I	X	0.001186	0.000119	0.998695
48	P	X	0.001030	0.000171	0.998799
49	R	X	0.000864	0.000181	0.998955
50	N	X	0.000719	0.000158	0.999123
51	A	X	0.000602	0.000130	0.999268
52	P	X	0.000512	0.000100	0.999388
53	P	X	0.000420	0.000104	0.999477
54	D	X	0.000373	0.000057	0.999570
55	P	X	0.000303	0.000080	0.999617
56	D	X	0.000237	0.000076	0.999687
57	E	X	0.000178	0.000068	0.999754
58	T	X	0.000127	0.000060	0.999813
59	I	X	0.000122	0.000014	0.999864
