# Name=Parent_mRNA.Tenebrio_molitor_scaffold_7.1511.1
# pos	aa	SP	CS	OTHER
1	M	X	0.015523	0.000006	0.984471
2	K	X	0.015470	0.000027	0.984503
3	T	X	0.015425	0.000027	0.984548
4	R	X	0.015386	0.000024	0.984590
5	T	X	0.015330	0.000043	0.984626
6	K	X	0.015255	0.000065	0.984680
7	R	X	0.015166	0.000080	0.984754
8	K	X	0.015028	0.000130	0.984842
9	A	X	0.014855	0.000166	0.984979
10	N	X	0.014646	0.000203	0.985151
11	N	X	0.014303	0.000338	0.985359
12	L	X	0.014041	0.000258	0.985701
13	F	X	0.013751	0.000287	0.985962
14	R	X	0.013444	0.000304	0.986252
15	E	X	0.013097	0.000345	0.986557
16	A	X	0.012498	0.000598	0.986903
17	K	X	0.011957	0.000541	0.987502
18	K	X	0.011170	0.000788	0.988042
19	T	X	0.010586	0.000585	0.988829
20	G	X	0.010052	0.000535	0.989413
21	G	X	0.009292	0.000763	0.989945
22	G	X	0.008587	0.000708	0.990705
23	Q	X	0.008037	0.000552	0.991410
24	N	X	0.007545	0.000496	0.991959
25	T	X	0.007060	0.000488	0.992452
26	V	X	0.006650	0.000415	0.992935
27	K	X	0.006248	0.000407	0.993345
28	N	X	0.005786	0.000469	0.993746
29	C	X	0.005357	0.000435	0.994208
30	L	X	0.005022	0.000341	0.994637
31	L	X	0.004647	0.000382	0.994971
32	L	X	0.004345	0.000308	0.995346
33	S	X	0.004120	0.000232	0.995648
34	N	X	0.003905	0.000222	0.995873
35	C	X	0.003566	0.000346	0.996088
36	Y	X	0.003276	0.000297	0.996426
37	A	X	0.001706	0.001582	0.996712
38	L	X	0.001557	0.000154	0.998289
39	I	X	0.001495	0.000070	0.998435
