# Name=Parent_mRNA.Tenebrio_molitor_scaffold_14.232.1
# pos	aa	SP	CS	OTHER
1	M	X	0.013759	0.000013	0.986229
2	L	X	0.013678	0.000021	0.986301
3	C	X	0.013616	0.000012	0.986372
4	G	X	0.013552	0.000016	0.986432
5	G	X	0.013481	0.000025	0.986494
6	R	X	0.013401	0.000035	0.986564
7	C	X	0.013336	0.000025	0.986639
8	I	X	0.013268	0.000030	0.986703
9	T	X	0.013214	0.000020	0.986767
10	K	X	0.013159	0.000023	0.986818
11	I	X	0.013106	0.000023	0.986871
12	L	X	0.013053	0.000026	0.986922
13	I	X	0.013007	0.000021	0.986973
14	Q	X	0.012963	0.000019	0.987018
15	L	X	0.012919	0.000021	0.987060
16	M	X	0.012869	0.000026	0.987105
17	V	X	0.012780	0.000065	0.987155
18	C	X	0.012633	0.000124	0.987243
19	G	X	0.011951	0.000658	0.987391
20	I	X	0.011593	0.000339	0.988068
21	V	X	0.011293	0.000286	0.988421
22	I	X	0.010788	0.000494	0.988718
23	F	X	0.009993	0.000788	0.989220
24	T	X	0.007915	0.002073	0.990012
25	I	X	0.007237	0.000675	0.992088
26	I	X	0.006876	0.000359	0.992765
27	Q	X	0.005691	0.001186	0.993124
28	F	X	0.004313	0.001379	0.994307
29	R	X	0.004051	0.000263	0.995686
30	P	X	0.003300	0.000755	0.995946
31	I	X	0.003092	0.000211	0.996698
32	K	X	0.002675	0.000420	0.996905
33	L	X	0.001869	0.000812	0.997319
34	D	X	0.001556	0.000318	0.998127
35	M	X	0.001246	0.000314	0.998439
36	S	X	0.000897	0.000355	0.998748
37	V	X	0.000835	0.000067	0.999099
38	P	X	0.000743	0.000097	0.999160
39	H	X	0.000678	0.000072	0.999251
40	L	X	0.000634	0.000050	0.999315
41	N	X	0.000588	0.000055	0.999357
42	S	X	0.000535	0.000062	0.999403
43	R	X	0.000490	0.000055	0.999455
44	F	X	0.000463	0.000037	0.999499
45	L	X	0.000434	0.000040	0.999525
46	L	X	0.000408	0.000038	0.999554
47	Q	X	0.000380	0.000041	0.999579
48	K	X	0.000357	0.000035	0.999607
49	R	X	0.000327	0.000043	0.999629
50	L	X	0.000308	0.000032	0.999660
51	D	X	0.000303	0.000017	0.999680
52	P	X	0.000294	0.000022	0.999683
53	L	X	0.000280	0.000029	0.999691
54	T	X	0.000274	0.000020	0.999706
55	R	X	0.000260	0.000031	0.999709
56	H	X	0.000242	0.000036	0.999722
57	A	X	0.000218	0.000043	0.999739
58	D	X	0.000205	0.000026	0.999769
59	S	X	0.000188	0.000031	0.999782
60	T	X	0.000174	0.000026	0.999800
61	T	X	0.000164	0.000022	0.999814
62	E	X	0.000151	0.000025	0.999824
63	T	X	0.000137	0.000026	0.999837
64	N	X	0.000126	0.000022	0.999852
65	D	X	0.000113	0.000024	0.999863
66	L	X	0.000100	0.000022	0.999878
67	E	X	0.000090	0.000019	0.999891
68	P	X	0.000077	0.000022	0.999901
69	F	X	0.000067	0.000018	0.999915
70	V	X	0.000068	0.000008	0.999924
