# Name=Parent_mRNA.Tenebrio_molitor_scaffold_7.1540.1
# pos	aa	SP	CS	OTHER
1	M	S	0.980708	0.000002	0.019290
2	A	S	0.980726	0.000005	0.019269
3	F	S	0.980746	0.000005	0.019249
4	K	S	0.980764	0.000008	0.019228
5	M	S	0.980783	0.000008	0.019209
6	C	S	0.980796	0.000015	0.019189
7	A	S	0.980807	0.000019	0.019174
8	F	S	0.980813	0.000026	0.019162
9	T	S	0.980817	0.000029	0.019155
10	K	S	0.980773	0.000076	0.019150
11	N	S	0.980767	0.000042	0.019190
12	W	S	0.980758	0.000046	0.019196
13	L	S	0.980696	0.000100	0.019204
14	I	S	0.980693	0.000045	0.019262
15	I	S	0.980671	0.000060	0.019269
16	A	S	0.980510	0.000195	0.019295
17	V	S	0.980446	0.000095	0.019458
18	I	S	0.980250	0.000219	0.019531
19	V	S	0.979931	0.000335	0.019734
20	M	S	0.977742	0.002194	0.020064
21	C	S	0.961018	0.016719	0.022263
22	L	S	0.954709	0.006292	0.038999
23	C	C	0.627640	0.327020	0.045340
24	T	X	0.562124	0.065454	0.372422
25	E	X	0.483318	0.078718	0.437964
26	Y	X	0.456658	0.026589	0.516753
27	Y	X	0.451443	0.005154	0.543403
28	C	X	0.272530	0.178844	0.548627
29	Q	X	0.264328	0.008167	0.727506
30	C	X	0.059920	0.204401	0.735679
31	T	X	0.053394	0.006520	0.940086
32	G	X	0.037389	0.016008	0.946603
33	G	X	0.014883	0.022513	0.962604
34	A	X	0.005823	0.009062	0.985115
35	D	X	0.004244	0.001580	0.994176
36	C	X	0.001812	0.002434	0.995754
37	T	X	0.001374	0.000438	0.998187
38	S	X	0.000968	0.000408	0.998625
39	C	X	0.000677	0.000293	0.999030
40	T	X	0.000542	0.000137	0.999321
41	V	X	0.000454	0.000090	0.999456
42	A	X	0.000254	0.000203	0.999543
43	C	X	0.000143	0.000113	0.999744
44	T	X	0.000123	0.000021	0.999856
45	G	X	0.000080	0.000045	0.999876
46	C	X	0.000060	0.000021	0.999919
47	G	X	0.000056	0.000005	0.999938
48	N	X	0.000053	0.000006	0.999941
49	C	X	0.000051	0.000005	0.999945
50	P	X	0.000048	0.000006	0.999946
51	N	X	0.000039	0.000012	0.999948
52	A	X	0.000033	0.000010	0.999957
53	V	X	0.000032	0.000003	0.999965
54	T	X	0.000029	0.000006	0.999965
55	C	X	0.000024	0.000009	0.999967
56	T	X	0.000024	0.000004	0.999972
57	D	X	0.000023	0.000006	0.999971
58	S	X	0.000020	0.000007	0.999972
59	Q	X	0.000020	0.000004	0.999976
60	N	X	0.000019	0.000005	0.999976
61	C	X	0.000019	0.000004	0.999977
62	I	X	0.000020	0.000003	0.999977
63	N	X	0.000019	0.000007	0.999974
64	A	X	0.000014	0.000010	0.999975
65	V	X	0.000015	0.000003	0.999982
66	T	X	0.000014	0.000005	0.999981
67	C	X	0.000012	0.000006	0.999982
68	T	X	0.000011	0.000004	0.999985
69	G	X	0.000009	0.000005	0.999986
70	S	X	0.000012	0.000002	0.999987
