# Name=Parent_mRNA.Tenebrio_molitor_scaffold_7.743.1
# pos	aa	SP	CS	OTHER
1	M	X	0.156059	0.000012	0.843929
2	S	X	0.155983	0.000035	0.843981
3	D	X	0.155920	0.000031	0.844050
4	L	X	0.155861	0.000029	0.844110
5	V	X	0.155799	0.000034	0.844167
6	W	X	0.155744	0.000030	0.844226
7	W	X	0.155658	0.000062	0.844280
8	T	X	0.155563	0.000072	0.844365
9	L	X	0.155487	0.000056	0.844457
10	F	X	0.155409	0.000058	0.844533
11	S	X	0.155298	0.000091	0.844610
12	I	X	0.155201	0.000079	0.844720
13	L	X	0.155074	0.000109	0.844817
14	V	X	0.154905	0.000153	0.844942
15	I	X	0.154670	0.000223	0.845107
16	L	X	0.154309	0.000352	0.845339
17	L	X	0.153821	0.000483	0.845696
18	V	X	0.153129	0.000690	0.846180
19	V	X	0.152361	0.000770	0.846869
20	F	X	0.151387	0.000973	0.847640
21	T	X	0.116945	0.034436	0.848619
22	T	X	0.109769	0.007177	0.883054
23	K	X	0.099892	0.009880	0.890228
24	L	X	0.093348	0.006553	0.900099
25	C	X	0.046676	0.046700	0.906624
26	F	X	0.032302	0.014389	0.953310
27	R	X	0.018542	0.013785	0.967674
28	V	X	0.016435	0.002127	0.981438
29	I	X	0.015022	0.001439	0.983539
30	S	X	0.004197	0.010873	0.984931
31	D	X	0.003429	0.000780	0.995792
32	I	X	0.003177	0.000265	0.996558
33	Y	X	0.002893	0.000302	0.996805
34	C	X	0.002411	0.000506	0.997083
35	D	X	0.002277	0.000156	0.997567
36	N	X	0.002107	0.000198	0.997695
37	R	X	0.001929	0.000210	0.997862
38	D	X	0.001783	0.000178	0.998039
39	A	X	0.001628	0.000190	0.998183
40	L	X	0.001510	0.000153	0.998338
41	S	X	0.001349	0.000198	0.998453
42	E	X	0.001255	0.000126	0.998618
43	E	X	0.001145	0.000145	0.998710
44	S	X	0.001048	0.000129	0.998822
45	K	X	0.000964	0.000117	0.998919
46	D	X	0.000890	0.000105	0.999005
47	V	X	0.000839	0.000081	0.999081
48	E	X	0.000788	0.000081	0.999132
49	D	X	0.000734	0.000087	0.999180
50	L	X	0.000681	0.000085	0.999233
51	S	X	0.000641	0.000072	0.999287
52	R	X	0.000597	0.000078	0.999326
53	Y	X	0.000552	0.000078	0.999370
54	R	X	0.000503	0.000083	0.999414
55	T	X	0.000471	0.000061	0.999468
56	D	X	0.000432	0.000068	0.999500
57	S	X	0.000393	0.000068	0.999539
58	R	X	0.000351	0.000070	0.999579
59	T	X	0.000331	0.000043	0.999626
60	I	X	0.000310	0.000044	0.999646
61	C	X	0.000289	0.000047	0.999664
62	K	X	0.000269	0.000046	0.999685
63	D	X	0.000244	0.000053	0.999703
64	A	X	0.000220	0.000050	0.999730
65	E	X	0.000196	0.000048	0.999756
66	F	X	0.000165	0.000054	0.999782
67	S	X	0.000133	0.000052	0.999816
68	D	X	0.000102	0.000047	0.999851
69	E	X	0.000073	0.000043	0.999884
70	G	X	0.000076	0.000009	0.999915
