# Name=Parent_mRNA.Tenebrio_molitor_scaffold_7.1310.1
# pos	aa	SP	CS	OTHER
1	S	X	0.012071	0.000004	0.987926
2	F	X	0.012039	0.000003	0.987958
3	V	X	0.012016	0.000001	0.987983
4	S	X	0.011995	0.000002	0.988003
5	S	X	0.011974	0.000003	0.988023
6	H	X	0.011956	0.000002	0.988042
7	N	X	0.011936	0.000005	0.988059
8	A	X	0.011914	0.000008	0.988078
9	L	X	0.011895	0.000006	0.988099
10	R	X	0.011869	0.000014	0.988117
11	I	X	0.011846	0.000012	0.988141
12	L	X	0.011827	0.000010	0.988163
13	F	X	0.011802	0.000016	0.988183
14	V	X	0.011763	0.000029	0.988208
15	C	X	0.011694	0.000061	0.988245
16	S	X	0.011564	0.000123	0.988314
17	R	X	0.011408	0.000149	0.988442
18	H	X	0.011334	0.000069	0.988596
19	L	X	0.011214	0.000117	0.988669
20	S	X	0.011035	0.000176	0.988789
21	T	X	0.009585	0.001447	0.988968
22	L	X	0.008749	0.000834	0.990417
23	R	X	0.007697	0.001052	0.991252
24	G	X	0.001113	0.006586	0.992302
25	Q	X	0.000905	0.000208	0.998888
26	K	X	0.000577	0.000328	0.999095
27	T	X	0.000540	0.000037	0.999423
28	P	X	0.000501	0.000039	0.999460
29	I	X	0.000466	0.000036	0.999499
30	L	X	0.000427	0.000039	0.999534
31	D	X	0.000389	0.000039	0.999572
32	Q	X	0.000356	0.000034	0.999610
33	D	X	0.000330	0.000027	0.999643
34	L	X	0.000310	0.000021	0.999669
35	H	X	0.000291	0.000020	0.999689
36	R	X	0.000260	0.000033	0.999707
37	L	X	0.000236	0.000025	0.999739
38	H	X	0.000214	0.000024	0.999762
39	Q	X	0.000183	0.000033	0.999785
40	Q	X	0.000162	0.000022	0.999816
41	E	X	0.000151	0.000012	0.999837
42	P	X	0.000137	0.000015	0.999848
43	V	X	0.000126	0.000012	0.999862
44	I	X	0.000118	0.000009	0.999873
45	L	X	0.000113	0.000007	0.999880
46	E	X	0.000108	0.000007	0.999885
47	G	X	0.000099	0.000011	0.999890
48	G	X	0.000092	0.000009	0.999900
49	K	X	0.000086	0.000007	0.999907
50	F	X	0.000082	0.000006	0.999912
51	F	X	0.000078	0.000007	0.999916
52	L	X	0.000072	0.000007	0.999920
53	E	X	0.000069	0.000006	0.999925
54	N	X	0.000064	0.000007	0.999929
55	V	X	0.000062	0.000004	0.999934
56	T	X	0.000059	0.000006	0.999935
57	S	X	0.000052	0.000009	0.999939
58	G	X	0.000047	0.000008	0.999945
59	N	X	0.000043	0.000007	0.999951
60	F	X	0.000039	0.000006	0.999955
61	V	X	0.000036	0.000005	0.999959
62	H	X	0.000032	0.000006	0.999962
63	L	X	0.000028	0.000006	0.999966
64	H	X	0.000026	0.000005	0.999970
65	P	X	0.000022	0.000006	0.999973
66	Q	X	0.000018	0.000005	0.999977
67	L	X	0.000016	0.000004	0.999980
68	V	X	0.000012	0.000005	0.999983
69	L	X	0.000010	0.000004	0.999986
70	K	X	0.000011	0.000001	0.999988
