# Name=Parent_mRNA.Tenebrio_molitor_scaffold_7.1350.1
# pos	aa	SP	CS	OTHER
1	M	S	0.567343	0.000007	0.432651
2	N	S	0.567309	0.000012	0.432678
3	R	S	0.567284	0.000008	0.432708
4	L	S	0.567267	0.000004	0.432729
5	L	S	0.567252	0.000002	0.432746
6	N	S	0.567237	0.000004	0.432760
7	A	S	0.567222	0.000005	0.432773
8	V	S	0.567203	0.000011	0.432786
9	V	S	0.567184	0.000011	0.432805
10	F	S	0.567163	0.000014	0.432823
11	S	S	0.567118	0.000035	0.432847
12	I	S	0.567067	0.000038	0.432896
13	L	S	0.566856	0.000190	0.432954
14	L	S	0.566505	0.000325	0.433170
15	Y	S	0.565339	0.001127	0.433534
16	G	S	0.516186	0.049097	0.434717
17	A	S	0.513064	0.003075	0.483861
18	P	S	0.463927	0.049079	0.486994
19	I	S	0.460128	0.003753	0.536119
20	W	S	0.454971	0.005104	0.539924
21	E	S	0.293778	0.161145	0.545077
22	H	S	0.286402	0.007353	0.706245
23	A	C	0.051592	0.234797	0.713611
24	M	X	0.046166	0.005411	0.948422
25	K	X	0.027465	0.018693	0.953842
26	V	X	0.022919	0.004541	0.972540
27	E	X	0.020725	0.002193	0.977083
28	R	X	0.016006	0.004721	0.979273
29	F	X	0.014175	0.001834	0.983991
30	R	X	0.012505	0.001674	0.985821
31	N	X	0.011591	0.000919	0.987490
32	Y	X	0.010705	0.000893	0.988402
33	L	X	0.009904	0.000810	0.989286
34	E	X	0.009262	0.000652	0.990086
35	R	X	0.008553	0.000721	0.990726
36	I	X	0.008002	0.000565	0.991433
37	V	X	0.007459	0.000558	0.991983
38	R	X	0.006826	0.000651	0.992523
39	Q	X	0.006225	0.000620	0.993154
40	N	X	0.005696	0.000549	0.993755
41	A	X	0.005151	0.000565	0.994284
42	A	X	0.004667	0.000505	0.994828
43	R	X	0.004210	0.000476	0.995314
44	V	X	0.003886	0.000342	0.995772
45	S	X	0.003545	0.000360	0.996096
46	S	X	0.003174	0.000391	0.996434
47	A	X	0.002852	0.000345	0.996803
48	Y	X	0.002599	0.000271	0.997130
49	R	X	0.002328	0.000289	0.997383
50	T	X	0.002110	0.000235	0.997654
51	A	X	0.001910	0.000218	0.997873
52	S	X	0.001718	0.000209	0.998073
53	T	X	0.001574	0.000161	0.998265
54	E	X	0.001418	0.000173	0.998409
55	A	X	0.001193	0.000245	0.998562
56	L	X	0.001068	0.000140	0.998792
57	E	X	0.000963	0.000119	0.998919
58	V	X	0.000886	0.000089	0.999024
59	I	X	0.000797	0.000104	0.999099
60	A	X	0.000692	0.000120	0.999187
61	G	X	0.000603	0.000103	0.999294
62	F	X	0.000542	0.000071	0.999387
63	P	X	0.000485	0.000067	0.999448
64	P	X	0.000426	0.000069	0.999504
65	I	X	0.000377	0.000060	0.999563
66	D	X	0.000328	0.000060	0.999612
67	L	X	0.000278	0.000062	0.999660
68	L	X	0.000223	0.000066	0.999711
69	V	X	0.000183	0.000053	0.999764
70	A	X	0.000179	0.000020	0.999801
